1 2 6996 5271
1 3 5634 5638 5271
1 4 6391 6394 6388 6399
1 4 6399 6388 6394 6391
1 3 6399 6388 6398
1 23 4934 4938 3481 3485 3477 3475 3479 6141 5334 5327 5338 5331 5987 5986 5980 3403 5138 5137 5733 3064 3060 6075 6069
1 3 5056 5050 5051
1 2 6769 6766
1 22 4886 4890 4880 4878 4883 1013 1008 1010 2279 2281 2987 2727 1976 1975 2366 2804 2171 2172 1219 1442 1554 1551
1 4 4936 4937 4753 4758
1 19 3483 3486 3476 5328 5336 5327 5338 5331 5987 5986 5980 3403 5138 5137 5733 3064 3060 6075 6069
1 22 4886 4890 4880 4878 4883 1013 1008 1010 2279 2281 2987 2727 1976 1975 2366 2804 2171 2172 1219 1442 1554 1553
1 2 3487 4758
1 3 1 1558 2592
1 4 5 6 14 768
1 3 24 32 760
1 4 25 1640 1645 1638
1 3 45 42 2904
1 3 68 77 49
1 3 49 73 56
1 3 49 77 68
1 3 85 87 2348
1 4 108 110 2075 2080
1 4 127 1192 2506 2508
1 4 141 1592 1597 1593
1 2 131 142
1 5 150 148 862 857 864
1 3 155 2666 2660
1 4 162 163 166 636
1 3 175 1334 1346
1 3 180 179 1372
1 3 188 1804 1807
1 6 188 187 185 2003 2009 2513
1 4 202 190 2754 2757
1 2 203 2885
1 3 207 206 1158
1 3 206 208 1444
1 19 209 213 916 918 915 2094 2097 2093 2092 2101 2096 904 906 907 908 1446 1899 1590 1589
1 2 212 1855
1 3 212 214 1857
1 7 212 215 210 757 754 3004 3003
1 2 216 2800
1 4 224 1713 1712 704
1 2 234 1898
1 2 235 239
1 3 239 235 238
1 2 239 235
1 3 240 243 1887
1 4 240 242 2222 2220
1 2 252 1970
1 4 247 2253 2251 2255
1 4 257 264 256 2316
1 3 265 1220 1197
1 2 277 273
1 8 277 273 281 1934 1930 1932 2948 2949
1 2 273 277
1 3 273 281 1934
1 4 287 284 2594 2592
1 3 289 290 1958
1 4 296 298 2280 2773
1 4 316 308 1732 2220
1 2 323 319
1 2 319 323
1 3 319 320 2683
1 3 326 2045 2047
1 4 330 333 331 788
1 3 339 343 1573
1 4 337 796 798 2080
1 3 355 347 620
1 6 357 354 352 355 347 620
1 4 361 2089 2082 2090
1 4 388 385 1948 1942
1 4 400 395 398 1879
1 3 404 1227 1228
1 4 419 416 1276 1273
1 2 426 2757
1 3 432 1671 1663
1 3 448 216 2800
1 6 448 435 450 888 437 887
1 4 445 440 437 887
1 6 445 453 436 2928 2931 2927
1 7 445 449 442 886 534 540 2910
1 2 457 2244
1 2 463 2393
1 4 463 462 2893 2891
1 3 468 2360 2357
1 5 474 484 480 1839 1844
1 3 492 2242 2240
1 2 497 1175
1 3 504 1718 1707
1 4 515 508 554 552
1 2 517 527
1 2 527 517
1 3 527 524 748
1 3 534 540 2910
1 3 557 564 552
1 3 552 564 557
1 4 552 554 508 515
1 7 552 554 2419 2437 2420 2434 2431
1 2 571 2317
1 2 571 570
1 2 570 571
1 2 570 2318
1 4 594 575 2957 2963
1 4 604 598 1782 1789
1 3 620 347 355
1 6 620 347 355 352 354 357
1 5 620 876 871 881 877
1 4 623 280 1722 1721
1 3 631 641 636
1 3 636 641 631
1 4 636 166 163 162
1 7 636 647 630 2486 2493 2484 2495
1 3 660 2945 1933
1 2 663 1980
1 3 666 1156 1155
1 3 675 1108 1110
1 3 684 683 1813
1 3 692 1174 1175
1 2 691 2313
1 2 699 2920
1 2 705 920
1 4 704 1712 1713 224
1 2 704 920
1 4 712 713 1903 1902
1 5 719 1322 1323 1327 1316
1 2 727 1828
1 5 729 740 735 1480 1479
1 4 741 1636 2401 2403
1 24 752 1855 212 209 213 916 918 915 2094 2097 2093 2092 2101 2096 904 906 907 908 1446 1899 1849 1850 1854 1848
1 3 752 750 748
1 3 748 750 752
1 3 748 524 527
1 6 748 751 746 2524 2521 2523
1 4 757 3006 3005 919
1 3 760 32 24
1 4 760 32 28 2866
1 6 779 777 771 763 781 768
1 6 768 781 763 771 777 779
1 4 768 14 6 5
1 5 768 782 769 2140 2124
1 4 788 331 333 330
1 4 788 785 1613 1608
1 4 802 797 795 799
1 4 799 795 797 802
1 6 799 794 2069 2070 2071 2073
1 2 805 1746
1 6 806 810 2480 2481 2476 2475
1 5 827 837 834 825 833
1 5 833 825 834 837 827
1 7 833 826 842 1205 1211 1209 1210
1 2 849 2999
1 5 864 857 862 148 150
1 5 864 853 1600 1745 1746
1 2 882 877
1 4 877 882 276 275
1 5 877 881 871 876 620
1 2 877 882
1 3 884 885 1895
1 6 887 437 888 450 435 448
1 4 887 437 440 445
1 3 891 2899 2904
1 5 896 1621 1912 1918 1913
1 4 901 1997 1995 1989
1 3 912 2593 1558
1 10 915 2098 2097 2093 2092 2101 2096 904 906 907
1 12 915 2094 2097 2093 2092 2101 2096 904 906 907 908 1446
1 4 919 3005 3006 757
1 4 919 3005 3007 3003
1 2 921 920
1 2 920 705
1 2 920 921
1 4 920 705 704 2800
1 3 10106 10102 10101
1 2 920 704
1 4 924 260 255 2316
1 2 931 2804
1 3 932 941 2653
1 2 948 945
1 2 945 948
1 4 945 2782 2789 2781
1 3 952 2148 2144
1 3 958 1818 1814
1 5 963 969 962 2692 2689
1 6 983 976 980 2394 2391 2393
1 4 1002 992 1000 1286
1 8 1009 1008 1013 4883 4878 4880 4890 4886
1 2 6766 6769
1 3 5051 5050 5056
1 7 6069 6075 3060 3064 3066 6787 6786
1 12 1015 1010 1007 1016 1007 1008 1013 4883 4878 4880 4890 4886
1 2 1019 1025
1 2 1025 1019
1 4 1025 1020 1176 1175
1 5 1029 1031 1263 1261 1266
1 7 1029 1035 470 472 1992 2360 2357
1 9 1029 1036 1265 1262 2107 2115 2104 2659 2660
1 5 1042 1040 1049 1045 2357
1 4 1053 1055 1051 2508
1 2 1059 2195
1 3 1071 1061 1360
1 5 1077 1078 1072 2766 2762
1 2 1087 2372
1 6 1104 1103 1089 1098 1771 1768
1 3 1097 2471 2466
1 3 1110 1108 675
1 5 1110 1111 1302 1292 1287
1 4 1134 1127 1124 2799
1 9 1145 1139 2855 2852 2860 1257 1260 2501 2500
1 4 1145 1147 2850 2853
1 3 1155 1156 666
1 4 1155 1156 759 3003
1 2 1158 2907
1 3 1158 206 207
1 4 1158 206 208 1444
1 5 1161 1160 892 2899 2904
1 5 1170 1167 2054 2048 2051
1 3 1175 1174 692
1 2 1175 497
1 4 1175 1176 1020 1025
1 8 1175 1176 1020 1021 291 289 290 1958
1 5 1180 2048 2054 2048 2051
1 2 1186 1184
1 2 1184 1186
1 3 1184 2314 2308
1 5 1188 1187 1650 1648 1647
1 3 1197 1220 265
1 3 1197 1220 1218
1 3 1200 1201 2544
1 3 1206 2936 2940
1 4 1210 1206 2936 2940
1 7 1210 1209 1211 1205 842 835 833
1 2 1215 2509
1 2 1219 1442
1 3 1218 1220 1197
1 7 1218 1221 1439 1437 1501 1903 1902
1 4 1218 1217 1196 2172
1 3 1228 1227 404
1 5 1228 1223 1226 1780 1781
1 2 1244 1942
1 4 1256 1257 1260 1372
1 5 1266 1261 1263 1031 1029
1 2 1266 2028
1 4 1273 1276 416 419
1 4 1273 1278 1274 1584
1 4 1286 1000 992 1002
1 5 1286 1281 1279 680 1740
1 5 1287 1292 1302 1111 1110
1 5 1287 1298 1290 1546 1539
1 4 1305 1502 1507 1505
1 5 1316 1327 1323 1322 719
1 6 1316 1314 1318 2189 2177 2186
1 2 1328 1476
1 3 1346 1334 175
1 2 1346 1956
1 8 1346 1334 175 181 174 178 2499 2504
1 6 1351 1335 1377 1333 176 1372
1 2 1354 2955
1 3 1358 1353 1490
1 3 1360 1061 1071
1 4 1360 2088 2081 2090
1 3 1372 179 180
1 4 1372 1260 1257 1256
1 6 1372 176 1333 1377 1335 1351
1 5 1372 179 180 172 2500
1 5 1380 1386 1503 1507 1505
1 7 1380 1503 1507 1506 850 849 2999
1 4 1406 1398 2026 2016
1 2 1428 1435
1 2 1435 1428
1 6 1435 1415 1436 1423 1420 1434
1 2 1442 1219
1 3 1442 1219 1441
1 3 1441 1219 1442
1 6 1441 1440 1438 1493 1498 1499
1 3 1444 1445 2914
1 3 1444 208 206
1 4 1444 208 206 1158
1 3 1444 2545 2544
1 12 1446 908 907 906 904 2096 2101 2092 2093 2097 2093 2091
1 12 1446 908 907 906 904 2096 2101 2092 2093 2097 2098 915
1 4 1446 1448 1590 1589
1 2 1449 2195
1 3 1449 2197 2196
1 4 1453 1455 1817 1814
1 2 1465 1457
1 3 1463 1467 1457
1 4 1471 231 1900 1898
1 2 1476 1328
1 3 1476 2807 2157
1 5 1479 1480 735 740 729
1 2 1479 2992
1 7 1479 1480 735 740 2837 2831 2821
1 4 1487 1482 1484 2150
1 4 1487 1482 1488 1481
1 4 1481 1488 1482 1487
1 3 1481 2153 2154
1 3 1490 1353 1358
1 2 1490 2169
1 6 1499 1498 1493 1438 1440 1441
1 6 1499 1498 1500 1555 1556 2610
1 5 1505 1507 1503 1386 1380
1 4 1505 1507 1502 1305
1 3 1505 849 2999
1 4 1509 1514 2775 2777
1 6 1524 1531 1523 420 2516 2523
1 4 1534 1537 1536 2240
1 5 1539 1546 1290 1298 1287
1 5 1539 1549 1544 1547 2275
1 2 1551 2612
1 22 1551 1554 1442 1219 2172 2171 1195 2363 2364 1976 2727 2987 2281 2279 1010 1008 1013 4883 4878 4880 4890 4886
1 23 6069 6075 3060 3064 5733 5137 5138 3403 5980 5986 5987 5331 5338 5327 5334 6141 3479 3475 3477 3485 3481 4938 4934
1 3 1553 1551 2612
1 22 1553 1554 1442 1219 2172 2171 1195 2363 2364 1976 2727 2987 2281 2279 1010 1008 1013 4883 4878 4880 4890 4886
1 19 6069 6075 3060 3064 5733 5137 5138 3403 5980 5986 5987 5331 5338 5327 5336 5328 3476 3486 3483
1 7 1558 4017 4020 4014 6411 6403 6405
1 3 1558 2593 912
1 3 1558 2593 2592
1 3 1573 343 339
1 4 1579 1569 1559 2205
1 4 1584 1274 1278 1273
1 4 1584 1586 2075 2080
1 19 1589 1849 1899 1446 908 907 906 904 2096 2101 2092 2093 2097 2098 915 918 916 213 209
1 4 1589 1590 1448 1446
1 5 1589 1853 1849 2712 2711
1 2 1589 1853
1 2 1595 1593
1 3 1593 1595 1594
1 4 1593 1597 1592 141
1 2 1593 1595
1 2 1601 2123
1 4 1608 1613 785 788
1 4 1608 1611 1917 1913
1 3 1617 894 2977
1 4 1633 1623 2770 2773
1 6 1635 1636 741 744 2752 2751
1 2 1635 2711
1 3 1642 1637 1638
1 3 1638 1637 1642
1 4 1638 1645 1640 25
1 4 1638 1645 2558 2561
1 5 1647 1648 1650 1187 1188
1 7 1647 2507 1649 2506 1192 2506 2508
1 4 1655 1654 1657 1879
1 3 1663 1671 432
1 4 1663 1673 1664 1887
1 3 1676 1675 1883
1 4 1689 1695 1690 1942
1 3 1706 1739 1740
1 3 1707 1718 504
1 2 1707 1709
1 2 1709 1707
1 2 10317 10316
1 4 1721 1722 280 623
1 4 1721 1720 658 1933
1 3 1728 2746 2747
1 4 1734 2221 2222 2220
1 5 1740 680 1279 1281 1286
1 3 1740 1739 1706
1 4 1740 1741 2303 2302
1 2 1746 805
1 5 1746 1745 1600 853 864
1 3 1746 1745 1823
1 6 1746 2640 2216 2213 2981 2977
1 7 1752 1761 1832 1843 1836 1842 1966
1 6 1768 1771 1098 1089 1103 1104
1 4 1768 1770 2046 2047
1 3 1775 1777 2747
1 6 1775 933 939 932 934 2653
1 5 1781 1780 1226 1223 1228
1 4 1781 2510 2009 2513
1 4 1789 1782 598 604
1 6 1789 1793 1787 2573 2576 2572
1 4 1796 2760 2759 2762
1 3 1807 1804 188
1 3 1807 1802 2244
1 3 1813 683 684
1 2 1813 2316
1 3 1814 1818 958
1 4 1814 1817 1455 1453
1 5 1814 1822 1818 1815 1883
1 3 1823 1745 1746
1 4 1823 2215 2643 2640
1 2 1825 1828
1 2 1828 1825
1 2 1828 727
1 5 1828 727 728 2831 2821
1 5 1844 1839 480 484 474
1 3 1844 1847 1966
1 24 1848 1854 1850 1849 1899 1446 908 907 906 904 2096 2101 2092 2093 2097 2098 915 918 916 213 209 212 1855 752
1 2 1853 1589
1 4 1853 1849 1850 2526
1 2 1855 212
1 3 1857 214 212
1 5 1857 2321 1583 2322 2320
1 2 1868 1863
1 2 1863 1868
1 5 1863 1858 1860 1872 2154
1 4 1879 398 395 400
1 4 1879 1657 1654 1655
1 6 1879 398 254 262 256 2316
1 3 1883 1675 1676
1 5 1883 1815 1818 1822 1814
1 4 1883 1882 2483 2495
1 3 1887 243 240
1 4 1887 1664 1673 1663
1 4 1887 1967 1963 1966
1 4 1889 1890 1893 2991
1 3 1895 885 884
1 4 1895 1806 1802 2244
1 2 1898 234
1 4 1898 1900 231 1471
1 4 1898 234 233 2711
1 4 1902 1903 713 712
1 7 1902 1903 1501 1437 1439 1221 1218
1 5 1913 1918 1912 1621 896
1 4 1913 1917 1611 1608
1 5 1913 1914 2453 2450 2449
1 6 1924 1922 1921 1920 1923 2073
1 3 1934 281 273
1 5 1934 1930 1932 2948 2949
1 3 1933 2945 660
1 4 1933 658 1720 1721
1 6 1933 1928 1933 2950 2953 2949
1 4 1935 2602 2606 2601
1 4 1942 1948 385 388
1 2 1942 1244
1 4 1942 1690 1695 1689
1 8 1942 1571 2208 1561 2206 1574 1575 2205
1 2 1952 1954
1 2 1954 1952
1 2 1956 1346
1 3 1958 290 289
1 8 1958 290 289 291 1021 1020 1176 1175
1 4 1958 290 2993 2992
1 7 1966 1842 1836 1843 1832 1761 1752
1 3 1966 1847 1844
1 4 1966 1963 1967 1887
1 8 1966 1962 1967 1887 1888 2224 2222 2220
1 2 1970 252
1 7 1970 245 250 2252 2253 2251 2255
1 6 1969 1972 1968 1971 2292 2294
1 4 1974 1973 2989 2984
1 14 1975 1976 2727 2987 2281 2279 1010 1008 1013 4883 4878 4880 4890 4886
1 12 6069 6075 3060 3064 5733 5137 5138 3403 5980 3873 3870 3872
1 15 1975 1974 1976 2727 2987 2281 2279 1010 1008 1013 4883 4878 4880 4890 4886
1 14 6069 6075 3060 3064 5733 5137 5138 5932 6853 3874 3869 3874 6852 6853
1 2 1975 2366
1 4 1980 1979 1591 1594
1 2 1980 663
1 2 1977 2673
1 5 1981 1988 2533 2797 2799
1 4 1989 1995 1997 901
1 4 1989 1999 2360 2357
1 3 2004 2009 2513
1 4 2016 2026 1398 1406
1 5 2016 2019 2013 2018 2542
1 2 2028 1266
1 5 2028 2033 2109 2664 2660
1 3 2047 2045 326
1 4 2047 2046 1770 1768
1 2 2047 2874
1 5 2051 2048 2054 1167 1170
1 5 2051 2048 2054 2048 1180
1 9 2051 2048 2054 1167 1181 1182 1179 1893 2991
1 2 2063 2940
1 4 2064 2066 2941 2937
1 6 2073 2071 2070 2069 794 799
1 6 2073 1923 1920 1921 1922 1924
1 5 2073 2071 702 699 2920
1 4 2080 2075 110 108
1 4 2080 798 796 337
1 4 2080 2075 1586 1584
1 4 2090 2082 2089 361
1 4 2090 2081 2088 1360
1 6 2090 2081 2084 2559 2568 2561
1 8 2097 2093 2092 2101 2096 904 906 907
1 3 2104 2659 2660
1 2 2123 1601
1 5 2123 2120 2958 2969 2963
1 5 2124 2140 769 782 768
1 8 2124 2142 2139 958 960 1884 2492 2495
1 3 2144 2148 952
1 2 2144 2991
1 4 2150 1484 1482 1487
1 3 2154 2153 1481
1 5 2154 1872 1860 1858 1863
1 10 2154 1872 1874 1868 1863 1255 1258 2505 2497 2500
1 3 2157 2807 1476
1 3 2157 2144 2991
1 2 2169 1490
1 4 2169 1490 1489 2955
1 4 2172 1196 1217 1218
1 6 2186 2177 2189 1318 1314 1316
1 4 2186 2181 2808 2809
1 2 2195 1449
1 2 2195 1059
1 3 2196 2197 1449
1 5 2196 1361 2562 2569 2561
1 5 2196 1066 1062 2845 2842
1 4 2205 1559 1569 1579
1 8 2205 1575 1574 2206 1561 2208 1571 1942
1 7 2205 1559 1569 1579 1565 2668 2670
1 7 2205 2201 2203 2207 667 2639 2633
1 3 2214 2642 2640
1 5 2218 2219 2008 2009 2513
1 4 2220 2222 242 240
1 4 2220 1732 308 316
1 4 2220 2222 2221 1734
1 8 2220 2222 2224 1888 1887 1967 1962 1966
1 4 2231 2233 1201 2544
1 5 2236 1778 2511 2512 2513
1 3 2240 2242 492
1 4 2240 1536 1537 1534
1 4 2240 1536 2756 2757
1 2 2244 457
1 4 2244 1802 1806 1895
1 3 2244 1802 1807
1 4 2244 2245 2243 2399
1 7 2255 2251 2253 2252 250 245 1970
1 4 2255 2251 2253 247
1 7 2262 2014 2017 2538 2023 2537 2542
1 5 2275 1547 1544 1549 1539
1 6 2275 1547 1540 1548 2299 2384
1 4 2279 2990 2986 2985
1 3 2287 2286 2288
1 3 2288 2286 2287
1 8 2288 2289 2954 2418 2437 2420 2434 2431
1 4 2288 2289 2948 2949
1 59 2294 2292 1972 1970 245 248 2586 2550 2557 518 747 751 2319 2321 756 210 213 916 918 915 2094 2097 2093 2092 2101 2096 904 906 907 908 903 1471 1472 2459 2699 2698 2695 1494 2651 1901 1902 712 709 2703 2706 2707 297 304 2987 2281 2279 1010 1008 1013 4883 4878 4880 4890 4886
1 29 5051 5050 5053 4567 4570 5485 5483 5487 4215 4213 6485 6486 6932 6931 6673 6606 6493 5380 4621 5654 6368 6996 5672 5677 5644 5651 6061 6060 6050
1 6 2294 2292 1971 1968 1972 1969
1 4 2302 2303 1741 1740
1 3 2302 2307 2384
1 2 2313 691
1 3 2313 2310 2308
1 3 2308 2310 2313
1 3 2308 2314 1184
1 5 2308 2311 2995 2993 2992
1 2 2316 258
1 4 2316 256 264 257
1 4 2316 255 260 924
1 6 2316 256 262 254 398 1879
1 2 2316 1813
1 6 2316 1812 928 1811 1809 2853
1 2 2317 571
1 2 2318 570
1 2 2318 2509
1 5 2320 2322 1583 2321 1857
1 6 2320 1277 2518 2524 2521 2523
1 6 2324 2330 1461 1462 1465 1457
1 4 2324 2336 2847 2842
1 6 2342 122 1046 467 469 2357
1 3 2348 87 85
1 6 2348 2355 1224 1225 404 2449
1 3 2357 2360 468
1 5 2357 1045 1049 1040 1042
1 7 2357 2360 1992 472 470 1035 1029
1 4 2357 2360 1999 1989
1 6 2357 469 467 1046 122 2342
1 19 2366 2804 931 2804 2366 1975 1976 2727 2987 2281 2279 1010 1008 1013 4883 4878 4880 4890 4886
1 17 6069 6075 3060 3064 5733 5137 5138 3403 5980 5986 5987 5331 5338 5327 5336 5328 5335
1 2 2366 2804
1 2 2366 1975
1 2 2372 1087
1 4 2372 2374 2398 2399
1 6 2384 2299 1548 1540 1547 2275
1 3 2384 2307 2302
1 7 2384 2387 2382 2386 2755 2388 2757
1 2 2393 463
1 6 2393 2391 2394 980 976 983
1 3 2393 2395 2806
1 4 2399 2243 2245 2244
1 4 2399 2398 2374 2372
1 7 2399 2398 303 293 301 300 2773
1 4 2403 2401 1636 741
1 4 2403 2700 2459 2461
1 3 2405 2812 2809
1 6 2417 153 158 155 2666 2660
1 7 2431 2434 2420 2437 2419 554 552
1 8 2431 2434 2420 2437 2418 2954 2289 2288
1 6 2439 2446 2438 2447 2443 2441
1 6 2441 2443 2447 2438 2446 2439
1 3 2441 1356 2955
1 5 2449 2450 2453 1914 1913
1 6 2449 404 1225 1224 2355 2348
1 5 2449 2452 406 2802 2801
1 4 2461 2459 2700 2403
1 5 2461 2454 2693 2698 2696
1 8 2461 2459 2454 2463 2455 2815 2810 2809
1 2 2468 2466
1 2 2466 2468
1 3 2466 2471 1097
1 4 2466 2470 2465 2907
1 6 2475 2476 2481 2480 810 806
1 5 2475 2474 2478 203 2885
1 7 2495 2484 2493 2486 630 647 636
1 4 2495 2483 1882 1883
1 8 2495 2492 1884 960 958 2139 2142 2124
1 9 2495 2489 192 200 199 202 190 2754 2757
1 8 2504 2499 178 174 181 175 1334 1346
1 3 2504 2499 2500
1 3 2500 2499 2504
1 9 2500 2501 1260 1257 2860 2852 2855 1139 1145
1 5 2500 172 180 179 1372
1 10 2500 2497 2505 1258 1255 1863 1868 1874 1872 2154
1 2 2508 1056
1 4 2508 2506 1192 127
1 4 2508 1051 1055 1053
1 7 2508 2506 1192 2506 1649 2507 1647
1 2 2509 1215
1 2 2509 2318
1 5 2509 2318 573 2872 2866
1 6 2513 2009 2003 185 187 188
1 4 2513 2009 2510 1781
1 5 2513 2512 2511 1778 2236
1 5 2513 2009 2008 2219 2218
1 3 2513 2009 2004
1 6 2523 2521 2524 746 751 748
1 6 2523 2516 420 1523 1531 1524
1 6 2523 2521 2524 2518 1277 2320
1 5 2523 2516 2552 2548 2555
1 4 2526 1850 1849 1853
1 3 2526 2713 2711
1 5 2532 1128 2799 1124 2799
1 4 2542 2539 5908 5906
1 5 2542 2018 2013 2019 2016
1 7 2542 2537 2023 2538 2017 2014 2262
1 3 2544 1201 1200
1 3 2544 2545 1444
1 4 2544 1201 2233 2231
1 4 2544 2545 1444 2920
1 5 2555 2548 2552 2516 2523
1 4 2555 2553 2587 2586
1 4 2561 2558 1645 1638
1 5 2561 2569 2562 1361 2196
1 6 2561 2568 2559 2084 2081 2090
1 5 2561 2560 2607 2603 2595
1 6 2572 2576 2573 1787 1793 1789
1 5 2572 2585 2571 2980 2977
1 2 2586 2589
1 4 2586 2587 2553 2555
1 4 2592 2594 284 287
1 3 2592 2594 1
1 3 2592 2593 1558
1 5 2592 2593 1558 4017 4024
1 3 2595 2774 2777
1 5 2595 2603 2607 2560 2561
1 2 2612 1551
1 3 2612 1551 1553
1 2 2612 2610
1 2 2610 2612
1 6 2610 1556 1555 1500 1498 1499
1 5 2610 2614 2750 2753 2696
1 7 2626 2621 2628 2622 2625 2788 2781
1 3 2626 2621 2615
1 3 2615 2621 2626
1 4 2615 2616 2618 2683
1 7 2633 2639 667 2207 2203 2201 2205
1 4 2633 2638 3007 3003
1 4 2640 2643 2215 1823
1 3 2640 2642 2214
1 5 2640 2216 2213 2981 2977
1 3 2653 941 932
1 6 2653 934 932 939 933 1775
1 3 2660 2666 155
1 9 2660 2659 2104 2115 2107 1262 1265 1036 1029
1 3 2660 2659 2104
1 5 2660 2664 2109 2033 2028
1 6 2660 2666 155 158 153 2417
1 2 2673 1977
1 4 2673 2680 2672 2670
1 4 2670 2672 2680 2673
1 7 2670 2668 1565 1579 1569 1559 2205
1 5 2682 2687 321 2684 2683
1 5 2683 2684 321 2687 2682
1 3 2683 320 319
1 4 2683 2686 2789 2781
1 4 2683 2618 2616 2615
1 5 2689 2692 962 969 963
1 7 2689 2692 2688 954 956 2395 2806
1 5 2696 2698 2693 2454 2461
1 3 2696 2753 2751
1 5 2696 2753 2750 2614 2610
1 3 2701 2728 2725
1 5 2711 2712 1849 1853 1589
1 2 2711 1635
1 4 2711 233 234 1898
1 3 2711 2713 2526
1 2 2715 2722
1 3 2725 2728 2701
1 5 2725 2724 2727 1973 2985
1 5 2730 6476 6472 6468 6471
1 3 2747 2746 1728
1 3 2747 1777 1775
1 4 2747 2745 2748 2801
1 6 2751 2752 744 741 1636 1635
1 3 2751 2753 2696
1 4 2757 2754 190 202
1 2 2757 426
1 4 2757 2756 1536 2240
1 7 2757 2388 2755 2386 2382 2387 2384
1 9 2757 2754 190 202 199 200 192 2489 2495
1 5 2762 2759 2764 6655 6654
1 5 2762 2766 1072 1078 1077
1 4 2762 2766 2760 1796
1 4 2773 2280 298 296
1 4 2773 2770 1623 1633
1 7 2773 300 301 293 303 2398 2399
1 5 2773 2282 2281 2986 2985
1 4 2777 2775 1514 1509
1 3 2777 2774 2595
1 5 2777 22 27 28 2866
1 7 2781 2788 2625 2622 2628 2621 2626
1 4 2781 2789 2782 945
1 4 2781 2789 2686 2683
1 3 2794 2898 2896
1 4 2799 1124 1127 1134
1 5 2799 2797 2533 1988 1981
1 5 2799 1124 2799 1128 2532
1 3 2800 216 448
1 2 2800 216
1 4 2800 704 705 920
1 5 2801 2802 406 2452 2449
1 4 2801 2748 2745 2747
1 16 2804 2366 1975 1976 2727 2987 2281 2279 1010 1008 1013 4883 4878 4880 4890 4886
1 13 6069 6075 3060 3064 5733 5137 5138 3403 5980 5986 5987 5982 5983
1 2 2804 2366
1 18 2804 931 2804 2366 1975 1976 2727 2987 2281 2279 1010 1008 1013 4883 4878 4880 4890 4886
1 2 2804 931
1 3 2806 2395 2393
1 7 2806 2395 956 954 2688 2692 2689
1 5 2806 2807 2157 2144 2991
1 4 2809 2808 2181 2186
1 3 2809 2812 2405
1 8 2809 2810 2815 2455 2463 2454 2459 2461
1 7 2821 2831 2837 740 735 1480 1479
1 5 2821 2831 728 727 1828
1 3 2839 2849 2853
1 2 2844 2842
1 2 2842 2844
1 5 2842 2845 1062 1066 2196
1 4 2842 2847 2336 2324
1 4 2853 2850 1147 1145
1 6 2853 1809 1811 928 1812 2316
1 3 2853 2849 2839
1 4 2866 28 32 760
1 5 2866 2872 573 2318 2509
1 5 2866 28 27 22 2777
1 6 2874 1427 1432 1421 236 237
1 2 2874 2047
1 2 2885 203
1 5 2885 203 2478 2474 2475
1 6 2885 2879 2444 2441 1356 2955
1 4 2891 2893 462 463
1 3 2896 2898 2794
1 5 2905 2901 891 2899 2904
1 5 2904 2899 891 2901 2905
1 3 2904 42 45
1 3 2904 2899 891
1 5 2904 2899 892 1160 1161
1 2 2907 1158
1 4 2907 2465 2470 2466
1 7 2910 540 534 886 442 449 445
1 3 2910 540 534
1 3 2914 1445 1444
1 2 2920 699
1 5 2920 699 702 1919 2073
1 4 2920 1444 2545 2544
1 6 2927 2931 2928 436 453 445
1 3 2940 2936 1206
1 2 2940 2063
1 4 2940 2936 1206 1210
1 4 2940 2063 2941 2937
1 4 2937 2941 2063 2940
1 4 2937 2941 2066 2064
1 8 2949 2948 1932 1930 1934 281 273 277
1 5 2949 2948 1932 1930 1934
1 6 2949 2953 2950 1929 1928 1933
1 4 2949 2948 2289 2288
1 2 2955 1354
1 4 2955 1489 1490 2169
1 3 2955 1356 2441
1 6 2955 1356 2441 2444 2879 2885
1 4 2963 2957 575 594
1 5 2963 2969 2958 2120 2123
1 6 2963 2969 2959 2956 2971 2977
1 3 2977 894 1617
1 6 2977 2981 2213 2216 2640 1746
1 5 2977 2980 2571 2585 2572
1 5 2977 2981 2213 2216 2640
1 6 2977 2971 2956 2959 2969 2963
1 4 2984 2989 1973 1974
1 11 2984 2990 2279 1010 1008 1013 4883 4878 4880 4890 4886
1 10 6069 6075 3060 3064 5733 5137 5138 5932 6853 6854
1 14 2985 2986 2990 2984 2990 2279 1010 1008 1013 4883 4878 4880 4890 4886
1 4 2985 2986 2990 2279
1 5 2985 2987 2281 2282 2773
1 5 2985 1973 2727 2724 2725
1 4 2991 1893 1890 1889
1 3 2991 2144 2157
1 9 2991 1893 1179 1182 1181 1167 2054 2048 2051
1 2 2991 2144
1 5 2991 2144 2157 2807 2806
1 2 2992 1479
1 4 2992 2993 290 1958
1 5 2992 2993 2995 2311 2308
1 2 2999 849
1 3 2999 849 1505
1 7 2999 849 850 1506 1507 1503 1380
1 7 3003 3004 754 757 210 215 212
1 4 3003 3007 3005 919
1 4 3003 759 1156 1155
1 4 3003 3007 2638 2633
1 4 3009 3014 3640 3641
1 3 3017 3021 4118
1 8 3024 3025 6183 3025 4652 4650 6203 6177
1 3 3032 3035 3033
1 3 3033 3035 3032
1 6 3033 3035 3036 4324 4329 5246
1 4 3039 6951 6960 6952
1 6 3053 3050 3047 5479 5597 6221
1 3 3053 3046 6654
1 2 3058 3055
1 2 3055 3058
1 3 3055 3054 6598
1 4 3064 5733 6789 6787
1 2 3070 5209
1 4 3080 3087 4145 4149
1 2 3100 3092
1 4 3110 5691 6066 6063
1 4 3126 3130 3114 3963
1 3 3139 3141 6596
1 3 3151 3143 3144
1 3 3144 3143 3151
1 3 3144 3614 5027
1 2 3152 3931
1 3 3158 6613 6612
1 2 3161 4572
1 4 3175 3450 3423 3443
1 2 3183 3182
1 2 3182 3183
1 3 3188 3187 4529
1 2 3192 6592
1 2 3201 4815
1 3 3206 3202 4445
1 2 3210 4455
1 4 3225 3224 3222 6097
1 6 3225 3224 3223 3226 6946 6944
1 4 3228 3236 3235 6080
1 3 3243 3242 5014
1 3 3253 3246 4344
1 4 3258 3264 3260 4958
1 2 3274 6630
1 9 3274 3267 3280 3276 5522 5527 6987 6984 6985
1 5 3284 3292 3290 5969 5977
1 2 3302 5270
1 2 3312 3311
1 2 3311 3312
1 2 3311 6154
1 6 3331 3325 4853 4847 4850 6703
1 2 3338 3336
1 2 3336 3338
1 3 3336 4766 4765
1 6 3346 3356 6716 6724 6720 6715
1 4 3360 3370 3369 5403
1 3 3375 3384 3380
1 3 3380 3384 3375
1 5 3380 3382 3549 3557 3546
1 3 3392 4685 4687
1 4 3402 3412 3406 6485
1 3 3416 5640 5645
1 2 3420 6827
1 5 3439 3422 3432 3442 4375
1 4 3443 3430 6116 6119
1 4 3443 3423 3450 3175
1 2 3453 3454
1 2 3454 3453
1 2 3454 5232
1 2 3468 3459
1 2 3459 3468
1 3 3459 3467 5352
1 3 3471 6996 6368
1 4 3490 3494 5469 5476
1 3 3512 3182 3183
1 5 3519 3501 5162 5166 5160
1 4 3550 3562 3387 3384
1 6 3550 3523 3545 3540 3558 3546
1 6 3546 3558 3540 3545 3523 3550
1 5 3546 3558 3526 3538 4877
1 5 3546 3557 3549 3382 3380
1 2 3578 6991
1 3 3583 5220 5223
1 3 3587 3914 3913
1 4 3584 3586 3926 3915
1 4 3599 5681 5682 5689
1 2 3615 5029
1 2 3615 5027
1 4 3622 6929 3623 6805
1 4 3628 3626 7875 7876
1 4 3629 6652 5550 5555
1 4 3641 3640 3637 5739
1 4 3641 3640 3014 3009
1 4 3643 5274 5272 5273
1 8 3651 3661 3650 3349 3348 3344 6725 6715
1 3 3651 3663 4072
1 5 3664 5751 5756 5755 5748
1 2 3678 6695
1 3 3688 3691 6278
1 2 3693 3694
1 2 3694 3693
1 31 3694 3693 3694 7487 8126 8221 8389 8392 8531 8532 8647 7893 7892 7495 7493 7496 7489 7490 7491 8601 8583 8600 8581 8585 8592 8597 8804 8800 8799 8807 8799
1 3 3697 3700 5042
1 4 3707 3703 3945 3947
1 3 3714 6171 6172
1 5 3714 3713 6505 6513 6892
1 4 3717 3722 6700 6703
1 4 3742 3738 8397 8396
1 3 3747 5761 5774
1 6 3747 3752 5759 5758 6925 6926
1 4 3765 6530 6521 6519
1 4 3779 3781 6680 6678
1 4 3785 6277 6272 6278
1 8 3785 3788 4365 4364 6778 6783 6776 6773
1 5 3794 3791 6427 6501 6498
1 4 3807 3809 4742 4736
1 5 3812 3815 3816 3814 4680
1 4 3821 3818 3824 4496
1 3 3826 3841 4849
1 4 3847 4823 4967 4966
1 7 3860 3853 4763 6811 6815 4175 6815
1 13 3858 3857 3859 3856 3852 3860 3853 4763 6811 6815 4180 4174 4178
1 12 3858 3857 3856 3852 3860 3853 4763 6811 6815 4180 4174 4178
1 3 3864 3865 6351
1 12 3872 3870 3873 5980 3403 5138 5137 5733 3064 3060 6075 6069
1 14 4886 4890 4880 4878 4883 1013 1008 1010 2279 2281 2987 2727 1976 1975
1 4 3870 5978 5986 5985
1 3 3875 3884 6167
1 2 3892 6418
1 4 3905 3906 5156 5147
1 4 3915 3926 3586 3584
1 8 3915 3926 3586 3584 3588 3920 3921 3913
1 3 3913 3914 3587
1 8 3913 3921 3920 3588 3584 3586 3926 3915
1 5 3913 4449 3913 4447 4451
1 2 3931 3152
1 4 3931 4107 4112 4103
1 2 3940 3942
1 4 3947 3946 5392 5391
1 4 3947 3945 3703 3707
1 4 3947 4276 4275 4277
1 3 3951 6496 6498
1 3 3960 4534 4537
1 6 3963 3974 3961 3966 3970 6242
1 4 3963 3114 3130 3126
1 3 3980 4264 5899
1 3 3991 6563 6566
1 4 4010 3999 5311 5306
1 5 4019 4033 4020 4015 4024
1 5 4024 4015 4020 4033 4019
1 5 4024 4030 4013 5353 5352
1 7 4024 4030 4013 6653 6660 6657 6654
1 5 4024 4017 1558 2593 2592
1 3 4036 6133 6123
1 5 4044 4047 4049 4045 4050
1 3 4044 4052 5573
1 6 4072 3663 3651 3656 5858 5862
1 3 4072 3663 3651
1 3 4086 4082 4926
1 5 4096 4091 4100 4505 4496
1 3 4103 4512 6297
1 4 4103 4112 4107 3931
1 3 4118 4114 6763
1 3 4118 3021 3017
1 6 4129 3933 6576 6574 6578 6593
1 2 4137 4836
1 4 4149 4156 4151 5623
1 4 4149 4145 3087 3080
1 4 4167 5823 4448 5918
1 13 4178 4174 4180 6815 6811 4763 3853 3860 3852 3856 3859 3857 3858
1 6 4178 4170 4171 6808 6819 6813
1 12 4178 4174 4180 6815 6811 4763 3853 3860 3852 3856 3857 3858
1 4 4184 4193 4188 6242
1 4 4197 4203 5451 5456
1 4 4212 4218 5490 5489
1 3 4219 4690 4691
1 4 4224 4223 4225 5720
1 2 4224 6351
1 5 4229 4236 4238 4304 4296
1 3 4244 4242 5089
1 4 4241 4247 4245 5088
1 6 4253 4250 5120 5132 5128 5118
1 4 4256 4257 5436 5437
1 3 4260 5291 5296
1 3 4277 6938 6937
1 4 4277 4275 4276 3947
1 3 4281 6594 6575
1 3 4285 4289 6177
1 2 4295 6755
1 7 4296 4304 4238 4233 6890 6891 6888
1 4 4296 4301 4293 4297
1 5 4296 4304 4238 4236 4229
1 3 4307 4319 5774
1 2 4322 4789
1 4 4344 4346 5345 5342
1 3 4344 3246 3253
1 4 4351 6517 6518 7260
1 3 4359 5513 5512
1 5 4375 3442 3432 3422 3439
1 4 4375 4370 4368 4376
1 4 4376 4368 4370 4375
1 4 4376 4368 4377 5533
1 4 4383 4400 4398 4521
1 3 4412 6364 6362
1 4 4419 4415 4948 4947
1 8 4430 4432 6012 4429 4667 4660 6838 6845
1 4 4430 4427 4659 4663
1 4 4445 4442 5730 5729
1 3 4445 3202 3206
1 4 4451 4450 4448 5918
1 5 4451 4447 3913 4449 3913
1 4 4455 4454 4456 6706
1 2 4455 3210
1 2 4467 4463
1 4 4463 4468 3058 3057
1 2 4463 4467
1 3 4482 4472 4484
1 3 4484 4472 4482
1 5 4484 4476 4485 5797 5785
1 4 4492 4495 5496 5491
1 6 4496 5459 5464 5460 5457 5463
1 4 4496 3824 3818 3821
1 5 4496 4505 4100 4091 4096
1 3 4516 4510 5595
1 5 4521 4518 4522 4517 5319
1 4 4521 4398 4400 4383
1 4 4529 4531 6889 6888
1 3 4529 3187 3188
1 4 4537 4535 6166 6162
1 3 4537 4534 3960
1 4 4543 6664 6665 6662
1 3 4550 5669 4687
1 6 4560 4552 4564 4554 3008 6232
1 5 4572 4566 5416 5425 5417
1 2 4572 3161
1 2 4575 4576
1 2 4576 4575
1 3 4576 4575 5143
1 2 4580 6753
1 5 4581 4591 4585 4580 6753
1 3 4599 6599 6598
1 5 4605 4607 5001 5004 5003
1 3 4610 4614 5456
1 3 4618 6224 6225
1 2 4620 5382
1 6 4620 5540 5539 5544 6744 6737
1 4 4624 6160 5069 5070
1 9 4624 4626 4080 4087 4081 4926 4932 4931 6947
1 3 4634 4638 4965
1 4 4642 4631 5814 5815
1 3 4653 5198 5202
1 3 4651 5222 5223
1 6 4663 4670 4675 3069 3421 6310
1 4 4663 4659 4427 4430
1 5 4680 4676 6840 6337 6328
1 5 4680 3814 3816 3815 3812
1 4 4687 4686 5871 5869
1 3 4687 4685 3392
1 3 4687 5669 4550
1 4 4691 6223 6224 6225
1 3 4691 4690 4219
1 5 4705 4698 6129 6125 6123
1 3 4709 4707 6172
1 6 4712 4723 4719 4715 5622 5623
1 2 4730 6373
1 3 4752 4739 4736
1 6 4736 4741 4750 4740 3939 3942
1 5 4736 4742 3808 3806 3810
1 3 4736 4739 4752
1 4 4736 4742 3809 3807
1 4 4758 4753 6397 6386
1 4 4758 4753 4937 4936
1 2 4758 3487
1 3 4765 4766 3336
1 4 4764 4763 6811 6815
1 4 4777 4837 4843 4839
1 5 4782 3244 3241 5269 5270
1 6 4789 4335 4325 4334 5248 5246
1 2 4789 4322
1 3 4800 6487 6485
1 2 4805 5734
1 7 4805 4803 4113 4121 4118 4114 6763
1 3 4812 3634 5739
1 2 4815 3201
1 4 4825 4819 5373 5370
1 4 4836 4831 4833 4995
1 9 4836 6463 6453 6458 6456 6459 6462 6521 6519
1 2 4836 4137
1 4 4839 4843 6850 6847
1 4 4839 4843 6848 4777
1 5 4849 4856 4848 6700 6703
1 3 4849 3841 3826
1 4 4862 4857 4864 6373
1 4 4870 4873 6831 6830
1 3 4877 5152 5147
1 5 4877 3538 3526 3558 3546
1 3 4892 4890 4882
1 3 4882 4890 4892
1 3 4882 4895 5608
1 5 4914 4899 4909 4918 5818
1 5 4920 4925 4551 5870 5869
1 4 4926 4932 4931 6947
1 3 4926 4082 4086
1 6 4939 4941 4813 4812 3634 5739
1 5 4947 4949 4950 5150 5147
1 4 4947 4948 4415 4419
1 3 4965 4638 4634
1 4 4965 4960 4961 6601
1 6 4965 4960 4959 4962 4955 4958
1 6 4958 4955 4962 4959 4960 4965
1 4 4958 3260 3264 3258
1 2 4966 6999
1 4 4966 4967 4823 3847
1 2 4979 6645
1 4 4983 4980 3719 5533
1 4 4984 4986 5065 5070
1 3 4995 6537 6534
1 4 4995 4833 4831 4836
1 4 5003 6747 6746 6750
1 5 5003 5004 5001 4607 4605
1 6 5014 4279 4280 6597 5018 5017
1 8 5014 3242 3243 5009 5008 5010 5312 5306
1 3 5014 3242 3243
1 6 5017 5018 6597 4280 4279 5014
1 6 5017 5018 6597 4281 6594 6575
1 3 5020 6535 6534
1 2 5029 3615
1 5 5027 3615 3617 5671 5668
1 3 5027 3614 3144
1 2 5027 3615
1 2 5032 6297
1 7 5032 6351 4224 4223 5723 5720 6857
1 4 5034 5033 9016 9018
1 4 5042 6469 5610 5608
1 3 5042 3700 3697
1 3 5044 5049 5088
1 3 5056 5050 5052
1 3 5052 5050 5056
1 3 5052 6972 6969
1 3 5061 6705 6706
1 4 5070 5065 4986 4984
1 4 5070 5065 6536 6534
1 4 5070 5069 6160 4624
1 3 5080 5073 5079
1 3 5079 5073 5080
1 5 5079 5071 6120 6115 6119
1 3 5088 5049 5044
1 6 5088 5049 5044 5047 5046 6423
1 4 5088 4245 4247 4241
1 3 5089 4242 4244
1 8 5089 5102 5097 5085 3250 3252 5218 5223
1 3 5107 5110 5302
1 2 5112 5111
1 2 5111 5112
1 4 5118 5130 5117 6805
1 6 5118 5128 5132 5120 4250 4253
1 2 5138 5939
1 2 5143 5144
1 3 5143 4575 4576
1 2 5144 5143
1 4 5144 4577 4579 5819
1 5 5147 5152 5149 5153 5391
1 3 5147 5152 4877
1 5 5147 5150 4950 4949 4947
1 4 5147 5156 3906 3905
1 4 5160 5165 5877 5880
1 5 5160 5166 5162 3501 3519
1 4 5171 5176 5954 5963
1 4 5179 6332 6344 6328
1 3 5186 5190 5657
1 7 5197 4544 4549 4545 4543 6664 6662
1 3 5197 5193 6827
1 3 5202 5198 4653
1 5 5202 5199 5348 5350 5342
1 5 5202 5199 5348 5200 5201
1 2 5204 5203
1 2 5203 5204
1 4 5203 5204 5206 6119
1 3 5209 3070 6230
1 3 5209 5208 6253
1 2 5209 3070
1 6 5214 5215 5309 5313 5308 5306
1 8 5223 5218 3252 3250 5085 5097 5102 5089
1 7 5223 5220 3583 6296 5919 5917 6291
1 9 5223 5220 5217 5224 5221 5104 5086 6424 6423
1 3 5223 5220 3583
1 3 5223 5222 4651
1 2 5225 5821
1 4 5230 5227 3454 5232
1 4 5232 5234 6222 6220
1 4 5232 3454 5227 5230
1 2 5232 3454
1 8 5244 3037 3032 3035 3036 4324 4329 5246
1 8 5246 4329 4324 3036 3035 3032 3037 5244
1 8 5246 5248 3547 3563 4331 3555 3529 5391
1 6 5246 5248 4334 4325 4335 4789
1 6 5246 4329 4324 3036 3035 3033
1 6 5264 5254 4225 6859 6855 6857
1 3 5270 5267 5441
1 5 5270 5269 3241 3244 4782
1 2 5270 3302
1 3 5271 5638 5634
1 4 5271 6996 6997 6368
1 2 5271 6996
1 3 5273 6424 6423
1 4 5273 5272 5274 3643
1 6 5283 5280 5281 4611 4614 5456
1 4 5296 5286 5292 7880
1 3 5296 5291 4260
1 3 5302 5110 5107
1 4 5302 5301 5697 5693
1 8 5306 5312 5010 5008 5009 3243 3242 5014
1 6 5306 5308 5313 5309 5215 5214
1 4 5306 5311 3999 4010
1 5 5319 5886 5896 5887 5890
1 5 5319 4517 4522 4518 4521
1 17 5335 5328 5336 5327 5338 5331 5987 5986 5980 3403 5138 5137 5733 3064 3060 6075 6069
1 19 4886 4890 4880 4878 4883 1013 1008 1010 2279 2281 2987 2727 1976 1975 2366 2804 931 2804 2366
1 18 4886 4890 4880 4878 4883 1013 1008 1010 2279 2281 2987 2727 1976 1975 2366 2804 931 2804
1 3 5329 6609 6606
1 5 5342 5350 5348 5199 5202
1 4 5342 5345 4346 4344
1 5 5352 6659 6660 6657 6654
1 3 5352 3467 3459
1 5 5352 5353 4013 4030 4024
1 4 5359 5362 6166 6162
1 3 5366 5369 6932
1 3 5370 5378 6423
1 4 5370 5373 4819 4825
1 3 5382 4620 5655
1 8 5382 6494 6491 5545 6674 6672 6930 6932
1 2 5382 4620
1 4 5387 5384 6855 6857
1 5 5391 5153 5149 5152 5147
1 8 5391 3529 3555 4331 3563 3547 5248 5246
1 4 5391 5392 3946 3947
1 4 5398 5394 5395 6020
1 6 5403 5409 5405 3879 3884 6167
1 4 5403 3369 3370 3360
1 2 5412 6083
1 4 5417 5424 6797 6790
1 5 5417 5425 5416 4566 4572
1 5 5430 5434 5428 6880 6877
1 3 5437 5440 6162
1 4 5437 5436 4257 4256
1 3 5441 5267 5270
1 3 5441 6573 6575
1 2 5450 5449
1 2 5449 5450
1 4 5449 5450 5445 6641
1 6 5456 4614 4611 5281 5280 5283
1 6 5456 4614 4610 4615 6949 6947
1 4 5456 5451 4203 4197
1 3 5456 4614 4610
1 6 5463 5462 6093 6096 6092 6086
1 6 5463 5457 5460 5464 5459 4496
1 4 5476 5473 6798 6790
1 4 5476 5469 3494 3490
1 4 5478 5482 5909 5906
1 4 5489 5485 3063 6071
1 4 5489 5490 4218 4212
1 5 5491 5496 4490 5942 5945
1 4 5491 5496 4495 4492
1 6 5507 5506 5510 5666 5661 5657
1 5 5512 5513 5517 6382 6377
1 3 5512 5513 4359
1 5 5523 5526 6709 6708 6706
1 3 5536 5530 5533
1 3 5533 5530 5536
1 4 5533 3719 4980 4983
1 4 5533 5530 5536 6752
1 4 5533 4377 4368 4376
1 3 5539 5543 5655
1 3 5551 5557 5555
1 3 5555 5557 5551
1 2 5555 6650
1 4 5555 5550 6652 3629
1 4 5568 5564 5567 5770
1 2 5574 5573
1 2 5573 5574
1 7 5573 3179 3176 5203 5204 5206 6119
1 3 5573 4052 4044
1 2 5585 6539
1 4 5591 6584 6581 6585
1 3 5593 5592 5595
1 3 5595 5592 5593
1 3 5595 5594 5821
1 3 5595 4510 4516
1 3 5596 5601 6221
1 2 5605 6158
1 4 5608 5610 6469 5042
1 4 5608 4895 4882 4886
1 2 6772 6767
1 3 5608 4895 4882
1 5 5615 5613 6872 6866 6875
1 9 5623 5621 5626 4460 4453 6711 4457 6705 6706
1 6 5623 5622 4715 4719 4723 4712
1 4 5623 4151 4156 4149
1 5 5645 5648 6056 6060 6050
1 3 5645 5640 3416
1 3 5655 4620 5382
1 3 5655 5543 5539
1 6 5655 3473 6541 6544 6545 6539
1 3 5657 5190 5186
1 6 5657 5661 5666 5510 5506 5507
1 7 5657 5662 6213 6208 6215 6210 6263
1 5 5668 5671 3617 3615 5027
1 8 5668 5669 4687 4686 5871 5873 5605 6158
1 8 5668 5671 3614 3144 3143 3147 3145 6847
1 5 5675 5676 5582 5585 6539
1 7 5689 5683 5684 5690 6713 6718 6715
1 4 5689 5682 5681 3599
1 4 5693 5697 5301 5302
1 4 5693 5700 5699 6063
1 6 5703 5710 6048 6040 6037 6045
1 4 5713 5718 5714 6612
1 2 5720 6857
1 4 5720 4225 4223 4224
1 2 5729 6754
1 4 5729 5730 4442 4445
1 2 5726 6753
1 4 5733 5139 6789 6787
1 3 5734 6579 6585
1 2 5734 4805
1 7 5739 3637 3011 3010 3013 3008 6232
1 8 5739 5746 5742 4438 4436 4444 5726 6753
1 3 5739 3634 4812
1 6 5739 3634 4812 4813 4941 4939
1 4 5739 3637 3640 3641
1 4 5748 5753 5757 6172
1 5 5748 5755 5756 5751 3664
1 3 5759 5761 5774
1 4 5770 5567 5564 5568
1 4 5770 6907 6905 6903
1 3 5774 5761 5759
1 4 5774 6803 6806 6805
1 3 5774 5761 3747
1 3 5774 4319 4307
1 4 5785 5778 5787 5791
1 5 5785 5797 4485 4476 4484
1 4 5791 5787 5778 5785
1 5 5791 5788 3310 3311 6154
1 2 5802 5800
1 2 5800 5802
1 5 5800 5802 5800 5806 5880
1 4 5809 6992 6994 6991
1 5 5815 5432 5428 6880 6877
1 4 5815 5814 4631 4642
1 4 5818 4898 6319 6312
1 5 5818 4918 4909 4899 4914
1 2 5821 5225
1 3 5821 5594 5595
1 2 5821 5819
1 2 5819 5821
1 4 5819 4579 4577 5144
1 7 5819 4579 4578 3866 3864 3865 6351
1 3 5822 6292 6291
1 3 5831 6782 6773
1 3 5841 5850 6621
1 5 5862 5361 5358 6165 6162
1 6 5862 5858 3656 3651 3663 4072
1 4 5869 5873 5605 6158
1 4 5869 5871 4686 4687
1 5 5869 5870 4551 4925 4920
1 4 5880 5877 5165 5160
1 5 5880 5806 5800 5802 5800
1 3 5880 5878 6926
1 5 5890 5887 5896 5886 5319
1 5 5890 5882 5892 6780 6773
1 7 5899 4538 5904 4541 4535 6166 6162
1 3 5899 4264 3980
1 4 5906 5909 5482 5478
1 7 5906 5908 5905 3696 6473 6477 6471
1 6 5906 3048 3049 3053 3046 6654
1 4 5906 5908 2539 2542
1 8 5912 5910 5915 3044 6953 6952 6961 6952
1 3 5918 5917 6291
1 7 5918 5917 5825 5824 4168 4166 6612
1 4 5918 4448 5823 4167
1 4 5918 4448 4450 4451
1 7 5930 5925 5927 4267 4277 6938 6937
1 2 5936 6786
1 2 5939 5138
1 4 5939 5934 5935 6787
1 5 5945 5942 4490 5496 5491
1 4 5945 4619 6224 6225
1 4 5963 5954 5176 5171
1 6 5963 5954 5964 5952 6780 6773
1 7 5977 5967 5975 5399 5394 5395 6020
1 5 5977 5969 3290 3292 3284
1 13 5983 5982 5987 5986 5980 3403 5138 5137 5733 3064 3060 6075 6069
1 16 4886 4890 4880 4878 4883 1013 1008 1010 2279 2281 2987 2727 1976 1975 2366 2804
1 4 5985 5986 3873 6853
1 4 5985 5986 5978 3870
1 4 6005 5996 6886 6882
1 3 6009 6016 6280
1 4 6020 5395 5394 5398
1 7 6020 5395 5394 5399 5975 5967 5977
1 5 6020 6025 6252 6249 6253
1 5 6031 6029 6032 6627 6630
1 6 6045 6037 6040 6048 5710 5703
1 4 6045 6442 6279 6280
1 29 6050 6052 6056 5648 5646 5650 5673 6996 6368 5654 4621 5380 6493 6606 6673 6931 6932 6486 6485 4213 4211 5486 5483 5485 4570 4567 5053 5050 5051
1 59 4886 4890 4880 4878 4883 1013 1008 1010 2279 2281 2987 304 297 2707 2706 2703 709 712 1902 1901 2651 1494 2695 2698 2699 2459 1472 1471 903 908 907 906 904 2096 2101 2092 2093 2097 2098 915 918 916 213 210 756 2321 2319 751 747 518 2557 2550 2586 248 245 1970 1972 2292 2294
1 3 6050 6054 3092
1 5 6050 6060 6056 5648 5645
1 4 6063 5699 5700 5693
1 4 6063 6870 6866 6875
1 4 6063 6066 5691 3110
1 2 6078 6481
1 6 6069 6076 6070 6074 6079 6073
1 4 6071 3063 5485 5489
1 4 6080 3235 3236 3228
1 2 6083 5412
1 6 6086 6092 6096 6093 5462 5463
1 5 6086 6095 6090 6886 6882
1 6 6097 3227 3223 3226 6946 6944
1 4 6097 3222 3224 3225
1 5 6119 6115 6120 5071 5079
1 4 6119 5206 5204 5203
1 7 6119 5206 5204 5203 3176 3179 5573
1 4 6119 6116 3430 3443
1 7 6123 6133 6130 3162 6988 6984 6985
1 5 6123 6125 6129 4698 4705
1 3 6123 6133 4036
1 3 6143 6646 6648
1 5 6154 3311 3310 5788 5791
1 5 6154 6145 6157 6147 6155
1 2 6154 3311
1 8 6158 5605 5873 5871 4686 4687 5669 5668
1 2 6158 5605
1 4 6158 5605 5873 5869
1 5 6158 5605 5604 6535 6534
1 3 6162 5440 5437
1 4 6162 6166 5362 5359
1 5 6162 6165 5358 5361 5862
1 7 6162 6166 4535 4541 5904 4538 5899
1 6 6162 6165 5358 3191 3192 6592
1 7 6162 6166 6164 5898 5901 6961 6952
1 4 6162 6166 4535 4537
1 6 6167 3884 3879 5405 5409 5403
1 3 6167 6948 6947
1 3 6167 3884 3875
1 4 6172 5757 5753 5748
1 6 6172 6171 3716 5734 6579 6585
1 3 6172 4707 4709
1 3 6172 6171 3714
1 3 6176 6193 6177
1 8 6177 6203 4650 4652 3025 6183 3025 3024
1 3 6177 6193 6176
1 3 6177 4289 4285
1 6 6217 6212 6264 6266 6258 6288
1 4 6220 6222 5234 5232
1 2 6220 6221
1 2 6221 6220
1 3 6221 5601 5596
1 6 6221 5597 5479 3047 3050 3053
1 4 6225 6224 4619 5945
1 9 6225 6227 5947 6036 6049 6044 6425 6440 6435
1 4 6225 6224 6223 4691
1 3 6225 6224 4618
1 3 6230 3070 5209
1 3 6230 6229 6310
1 7 6232 3008 3013 3010 3011 3637 5739
1 3 6232 6237 6937
1 6 6232 3008 4554 4564 4552 4560
1 5 6242 3964 6759 6758 6755
1 6 6242 3970 3966 3961 3974 3963
1 4 6242 4188 4193 4184
1 3 6253 5208 5209
1 5 6253 6249 6252 6025 6020
1 7 6263 6210 6215 6208 6213 5662 5657
1 5 6263 6270 6267 6258 6288
1 7 6278 6274 4359 5513 5517 6382 6377
1 3 6278 3691 3688
1 4 6278 6272 6277 3785
1 3 6280 6016 6009
1 4 6280 6279 6442 6045
1 6 6280 6281 3952 3951 6496 6498
1 5 6288 6258 6267 6270 6263
1 6 6288 6258 6266 6264 6212 6217
1 7 6288 6290 6289 3155 5719 3156 6612
1 7 6291 5917 5919 6296 3583 5220 5223
1 3 6291 6292 5822
1 3 6291 5917 5918
1 9 6291 6292 5822 5826 4817 4826 5718 5714 6612
1 2 6297 5032
1 5 6297 5032 4222 4224 6351
1 3 6297 4512 4103
1 5 6308 6302 6318 6315 6312
1 3 6310 6229 6230
1 3 6310 6945 6944
1 6 6310 3421 3069 4675 4670 4663
1 4 6312 6319 4898 5818
1 5 6312 6315 6318 6302 6308
1 7 6312 6323 6316 6314 6306 6942 6944
1 4 6328 6344 6332 5179
1 4 6328 6340 6327 6845
1 5 6328 6337 6840 4676 4680
1 6 6349 6348 5194 5197 5193 6827
1 7 6351 3865 3864 3866 4578 4579 5819
1 5 6351 4224 4222 5032 6297
1 3 6351 3865 3864
1 2 6351 4224
1 3 6353 6764 6763
1 3 6362 6364 4412
1 4 6362 6361 6365 6358
1 4 6358 6365 6361 6362
1 9 6358 6365 6361 6364 6362 6360 6367 6363 6849
1 4 6368 6997 6996 5271
1 7 6368 6997 5271 5638 5639 5635 6648
1 3 6368 6996 3471
1 6 6373 4864 4730 4728 6765 6763
1 2 6373 4730
1 4 6373 4864 4857 4862
1 5 6377 6382 5517 5513 5512
1 7 6377 6382 5517 5513 4359 6274 6278
1 3 6408 6412 6405
1 3 6405 6412 6408
1 7 6405 6403 6411 4014 4020 4017 1558
1 5 6418 6420 6416 6635 6637
1 2 6418 3892
1 6 6423 5046 5047 5044 5049 5088
1 9 6423 6424 5086 5104 5221 5224 5217 5220 5223
1 3 6423 5378 5370
1 3 6423 6424 5273
1 9 6435 6440 6425 6044 6049 6036 5947 6227 6225
1 4 6435 6430 6496 6498
1 5 6447 3990 3993 6570 6567
1 4 6457 6459 6521 6519
1 7 6471 6477 6473 3696 5905 5908 5906
1 5 6471 6468 6472 6476 2730
1 2 6479 6481
1 2 6481 6078
1 2 6481 6479
1 5 6485 6486 5364 5369 6932
1 8 6485 4801 4798 4799 4802 6802 6800 6790
1 3 6485 6487 4800
1 4 6485 3406 3412 3402
1 5 6495 6493 6494 6491 6606
1 6 6498 6496 3951 3952 6281 6280
1 4 6498 6496 6430 6435
1 8 6498 6497 6500 6502 3950 3671 6665 6662
1 5 6498 6501 6427 3791 3794
1 3 6498 6496 3951
1 3 6506 6898 6892
1 2 6516 7487
1 4 6519 6521 6459 6457
1 9 6519 6521 6462 6459 6456 6458 6453 6463 4836
1 4 6519 6521 6530 3765
1 3 6534 6535 5020
1 4 6534 6536 5065 5070
1 3 6534 6537 4995
1 5 6534 6535 5604 5605 6158
1 6 6539 6545 6544 6541 3473 5655
1 5 6539 5585 5582 5676 5675
1 2 6539 5585
1 8 6539 6545 6541 5543 5539 5544 6744 6737
1 7 6552 6556 6959 6950 3985 6956 6952
1 5 6566 6562 6568 6570 6567
1 3 6566 6563 3991
1 5 6567 6570 6568 6562 6566
1 5 6567 6570 3993 3990 6447
1 3 6567 6589 6592
1 6 6575 6594 4281 6597 5018 5017
1 3 6575 6573 5441
1 3 6575 6594 6593
1 3 6575 6594 4281
1 4 6585 6581 6584 5591
1 3 6585 6579 5734
1 6 6585 6579 5734 3716 6171 6172
1 4 6585 6581 6887 6888
1 6 6592 3192 3191 5358 6165 6162
1 3 6592 6589 6567
1 5 6592 6591 6992 6994 6991
1 2 6592 3192
1 5 6593 6862 6856 6860 6596
1 3 6593 6594 6575
1 6 6593 6578 6574 6576 3933 4129
1 5 6596 6860 6856 6862 6593
1 4 6596 6860 6858 6857
1 3 6596 3141 3139
1 4 6601 4961 4960 4965
1 2 10000 10014
1 3 6598 6599 6602
1 3 10021 10000 10014
1 3 6598 3054 3055
1 3 6598 6599 4599
1 3 6606 6609 5329
1 5 6606 6491 6494 6493 6495
1 3 6606 5545 6674
1 4 6612 5714 5718 5713
1 7 6612 4166 4168 5824 5825 5917 5918
1 7 6612 3156 5719 3155 6289 6290 6288
1 9 6612 5714 5718 4826 4817 5826 5822 6292 6291
1 3 6612 6613 3158
1 3 6621 5850 5841
1 5 6621 6622 5058 5064 6985
1 5 6630 6627 6032 6029 6031
1 7 6630 3274 3273 6799 6792 6798 6790
1 2 6630 3274
1 5 6637 6635 6416 6420 6418
1 5 6637 6633 6717 6718 6715
1 2 6645 4979
1 3 6645 5448 6641
1 3 6641 5448 6645
1 4 6641 5445 5450 5449
1 5 6641 6644 6701 6702 6703
1 4 6648 6400 6397 6386
1 3 6648 6646 6143
1 7 6648 5635 5639 5638 5271 6997 6368
1 4 6651 4318 4317 4310
1 5 6650 4316 4306 4317 4310
1 2 6650 5555
1 5 6654 6657 6660 6659 5352
1 6 6654 3046 3053 3049 3048 5906
1 5 6654 6655 2764 2759 2762
1 3 6654 3046 3053
1 7 6654 6657 6660 6653 4013 4030 4024
1 7 6662 6664 4543 4545 4549 4544 5197
1 8 6662 6665 3671 3950 6502 6500 6497 6498
1 4 6662 6665 6664 4543
1 3 6674 5545 6606
1 4 6674 6672 6930 6932
1 3 6678 6682 6763
1 4 6678 6680 3781 3779
1 5 6695 6696 6699 6746 6750
1 2 6695 3678
1 6 6703 4850 4852 6726 6733 6727
1 5 6703 6702 6701 6644 6641
1 5 6703 6700 4848 4856 4849
1 6 6703 4850 4847 4853 3325 3331
1 4 6703 6700 3722 3717
1 3 6706 6705 5061
1 9 6706 6705 4457 6711 4453 4460 5626 5621 5623
1 5 6706 6708 6709 5526 5523
1 5 6706 6708 5062 5064 6985
1 4 6706 4456 4454 4455
1 7 6715 6718 6713 5690 5684 5683 5689
1 5 6715 6718 6717 6633 6637
1 8 6715 6725 3344 3348 3349 3650 3661 3651
1 6 6715 6720 6724 6716 3356 3346
1 6 6727 4588 4592 4585 4580 6753
1 6 6727 6729 6726 4852 4850 6703
1 8 6737 6744 5544 5539 5543 6541 6545 6539
1 6 6737 6744 5544 5539 5540 4620
1 4 6750 6746 6747 5003
1 5 6750 6746 6699 6696 6695
1 4 6750 6828 6826 6827
1 4 6752 5536 5530 5533
1 2 6754 5729
1 4 6754 5728 5726 6753
1 2 6753 4580
1 4 6753 5726 5728 6754
1 2 6753 5726
1 8 6753 5726 4444 4436 4438 5742 5746 5739
1 6 6753 4580 4585 4592 4588 6727
1 5 6753 4580 4585 4591 4581
1 2 6755 4295
1 5 6755 6758 6759 3964 6242
1 3 6755 4303 6755
1 3 6763 6764 6353
1 6 6763 6765 4728 4730 4864 6373
1 3 6763 6682 6678
1 7 6763 4114 4118 4121 4113 4803 4805
1 3 6763 4114 4118
1 2 6771 6767
1 2 6767 6771
1 2 6767 6772
1 4 4886 4882 4895 5608
1 6 6773 6780 5952 5964 5954 5963
1 3 6773 6782 5831
1 5 6773 6780 5892 5882 5890
1 8 6773 6776 6783 6778 4364 4365 3788 3785
1 7 6786 6787 3066 3064 3060 6075 6069
1 8 4886 4890 4892 4881 4888 4891 1006 1009
1 2 6786 5936
1 3 6786 6788 6787
1 12 4886 4890 4892 4881 4888 4891 1006 1009 1016 1007 1010 1015
1 3 6787 6788 6786
1 4 6787 5935 5934 5939
1 4 6787 6789 5139 5733
1 6 6787 5935 5934 5940 5933 6853
1 4 6787 6789 5733 3064
1 4 6790 6797 5424 5417
1 4 6790 6798 5473 5476
1 8 6790 6800 6802 4802 4799 4798 4801 6485
1 7 6790 6798 6792 6799 3273 3274 6630
1 4 6805 5117 5130 5118
1 4 6805 6806 6803 5774
1 6 6805 3623 6929 6927 6925 6926
1 4 6805 3623 6929 3622
1 7 6815 4175 6815 6811 4763 3853 3860
1 5 6815 6811 6823 6812 6813
1 4 6815 6811 4763 4764
1 5 6813 6812 6823 6811 6815
1 6 6813 6819 6808 4171 4170 4178
1 3 6827 5193 5197
1 6 6827 5193 5197 5194 6348 6349
1 4 6827 6826 6828 6750
1 9 6827 6826 6943 3225 3224 3223 3226 6946 6944
1 2 6827 3420
1 5 6830 6829 6876 6880 6877
1 4 6830 6831 4873 4870
1 4 6845 6327 6340 6328
1 8 6845 6838 4660 4667 4429 6012 4432 4430
1 9 6849 6363 6357 6360 6362 6364 6361 6365 6358
1 4 6849 4777 6848 6847
1 4 6847 6848 4777 6849
1 8 6847 3145 3147 3143 3144 3614 5671 5668
1 4 6847 6850 4843 4839
1 10 6854 6853 5932 5138 5137 5733 3064 3060 6075 6069
1 11 4886 4890 4880 4878 4883 1013 1008 1010 2279 2990 2984
1 2 6854 6853
1 14 4886 4890 4880 4878 4883 1013 1008 1010 2279 2990 2984 2990 2986 2985
1 2 6853 6854
1 4 6853 3873 5986 5985
1 6 6853 5933 5940 5934 5935 6787
1 14 6853 6852 3874 3869 3874 6853 5932 5138 5137 5733 3064 3060 6075 6069
1 15 4886 4890 4880 4878 4883 1013 1008 1010 2279 2990 2984 2989 1973 1974 1975
1 7 6857 5720 5723 4223 4224 6351 5032
1 6 6857 6855 6859 4225 5254 5264
1 4 6857 6855 5384 5387
1 2 6857 5720
1 4 6857 6858 6860 6596
1 5 6875 6866 6872 5613 5615
1 4 6875 6866 6870 6063
1 5 6875 6868 6919 6917 6923
1 5 6877 6880 5428 5434 5430
1 5 6877 6880 5428 5432 5815
1 3 6877 6878 6882
1 5 6877 6880 6876 6829 6830
1 5 6882 6886 6090 6095 6086
1 4 6882 6886 5996 6005
1 3 6882 6878 6877
1 7 6882 6886 6087 6089 8178 8185 8179
1 4 6888 6887 6581 6585
1 7 6888 6891 6890 4233 4238 4304 4296
1 4 6888 6889 4531 4529
1 3 6892 6898 6506
1 5 6892 6513 6505 3713 3714
1 4 6913 6906 6911 8915
1 4 6903 6905 6907 5770
1 5 6903 6909 6912 7086 7088
1 5 6923 6917 6919 6868 6875
1 6 6923 6920 3627 7874 7878 7876
1 3 6926 5878 5880
1 6 6926 6925 6927 6929 3623 6805
1 6 6926 6925 5758 5759 3752 3747
1 8 6932 6930 6672 6674 5545 6491 6494 5382
1 3 6932 5369 5366
1 5 6932 5369 5364 6486 6485
1 4 6932 6930 6672 6674
1 7 6937 6938 4277 4267 5927 5925 5930
1 3 6937 6237 6232
1 3 6937 6938 4277
1 6 6944 6946 3226 3223 3227 6097
1 7 6944 6942 6306 6314 6316 6323 6312
1 3 6944 6945 6310
1 9 6944 6946 3226 3223 3224 3225 6943 6826 6827
1 6 6944 6946 3226 3223 3224 3225
1 6 6947 6949 4615 4610 4614 5456
1 3 6947 6948 6167
1 4 6947 4931 4932 4926
1 9 6947 4931 4932 4926 4081 4087 4080 4626 4624
1 8 6952 6961 6952 6953 3044 5915 5910 5912
1 7 6952 6961 5901 5898 6164 6166 6162
1 7 6952 6956 3985 6950 6959 6556 6552
1 4 6952 6960 6951 3039
1 3 6969 6972 5052
1 3 6978 6980 7260
1 7 6985 6984 6988 3162 6130 6133 6123
1 5 6985 5064 5062 6708 6706
1 5 6985 5064 5058 6622 6621
1 9 6985 6984 6987 5527 5522 3276 3280 3267 3274
1 4 6991 6994 6992 5809
1 5 6991 6994 6992 6591 6592
1 2 6991 3578
1 2 7000 6999
1 2 6999 7000
1 2 6999 4966
1 3 7004 7003 7469
1 3 7011 7016 8499
1 5 7009 7006 7010 7012 8989
1 2 7021 7856
1 9 7021 7022 7335 7340 7836 7838 7835 7837 8707
1 3 7034 8936 8928
1 4 7037 8844 8842 8843
1 4 7042 7050 8975 8974
1 4 7063 7059 7053 8666
1 23 7063 7052 7064 7062 9182 9183 7778 7777 8060 7504 9053 9052 9004 9010 9001 7689 7685 7692 7684 8231 7684 7692 8999
1 3 7069 9149 9150
1 4 7073 7072 8264 8265
1 2 7081 9108
1 3 7076 8812 8811
1 5 7088 7086 6912 6909 6903
1 5 7088 7085 7854 9014 9018
1 3 7089 9134 9133
1 2 7103 8278
1 5 7103 7112 7109 7105 7106
1 3 7124 7117 7122
1 3 7122 7117 7124
1 4 7122 7117 7957 7954
1 2 7136 8404
1 3 7134 7140 9047
1 3 7145 7477 7620
1 3 7157 7593 7585
1 2 7160 7162
1 2 7162 7160
1 3 7162 7159 7459
1 2 7166 9023
1 4 7182 8670 8675 8671
1 4 7187 8614 8620 8622
1 5 7199 7207 7204 9035 9036
1 4 7195 8107 8082 8089
1 13 7225 7236 7219 7221 7222 9130 9129 9095 7309 7312 8417 7786 7799
1 4 7218 7229 7232 8000
1 2 7243 8018
1 3 7246 7614 8372
1 2 7253 7867
1 3 7254 7252 9175
1 2 7258 7256
1 2 7256 7258
1 4 7256 7258 7736 7733
1 3 7260 6980 6978
1 4 7260 7259 8393 8219
1 4 7260 6518 6517 4351
1 3 7261 7265 8848
1 4 7283 7278 7284 7279
1 4 7279 7284 7278 7283
1 6 7279 7284 7275 7282 8908 8905
1 5 7288 7291 8886 8887 8885
1 3 7297 7293 8554
1 5 7301 7305 7299 7304 8232
1 2 7312 8417
1 3 7316 7313 7627
1 3 7324 7318 8327
1 2 7340 7836
1 4 7327 7325 7750 7747
1 5 7351 7353 7352 7829 7824
1 3 7357 8695 7573
1 3 7365 7599 7596
1 2 7372 7379
1 3 7407 7410 8937
1 3 7419 9187 9193
1 4 7424 8704 8702 8950
1 5 7446 7432 7448 7439 8058
1 2 7452 7454
1 2 7454 7452
1 3 7454 7450 8658
1 3 7456 7895 7892
1 3 7456 8649 8647
1 3 7459 7159 7162
1 2 7459 8902
1 2 7463 7465
1 2 7465 7463
1 3 7465 7889 7884
1 3 7465 7464 8226
1 3 7469 7003 7004
1 2 7469 8510
1 4 7474 7473 7475 9133
1 2 7478 8738
1 3 7485 7483 9130
1 2 7487 6516
1 28 7487 8126 8221 8389 8392 8531 8532 8647 7893 7892 7495 7493 7496 7489 7490 7491 8601 8583 8600 8581 8585 8592 8597 8804 8800 8799 8807 8799
1 4 7489 7494 7498 7493
1 4 7493 7498 7494 7489
1 3 7493 8976 8974
1 4 7506 8866 8865 8860
1 3 7514 7510 8843
1 4 7518 7520 7517 7934
1 3 7534 7523 7530
1 3 7530 7523 7534
1 4 7530 7522 9092 9090
1 3 7538 7536 8928
1 4 7541 7543 8954 8956
1 4 7548 7551 8699 8696
1 3 7562 7555 8018
1 30 7562 7555 8016 7560 7567 7560 7563 7559 8547 8544 8548 8545 7760 7775 7762 7759 7761 7776 7765 8511 8522 8524 8517 8515 8526 8512 8518 8521 8512 8514
1 3 7573 8695 7357
1 6 7573 7359 7355 7356 8708 8728
1 4 7573 7574 8861 8860
1 2 7578 8791
1 3 7585 7593 7157
1 3 7585 8896 8890
1 3 7596 7599 7365
1 3 7596 7597 8058
1 4 7601 9091 9092 9090
1 4 7605 7613 7918 7914
1 3 7620 7477 7145
1 6 7620 7621 7617 8543 8538 8542
1 3 7622 7974 7980
1 6 7623 7973 7978 7622 7974 7980
1 3 7627 7313 7316
1 4 7627 8784 7625 8784
1 8 7627 8784 7625 7060 7053 8666 9184 9183
1 2 7635 7632
1 2 7632 7635
1 3 7632 7630 8818
1 6 7647 7637 7651 8340 8345 8336
1 3 7665 7658 8978
1 6 7674 7657 7673 7656 7078 8978
1 11 7674 7670 7673 7656 7082 7079 7078 7083 7080 7081 9108
1 5 7680 8991 8992 8439 8446
1 3 7685 7692 8999
1 5 7703 7708 7746 7752 7747
1 5 7716 7714 7718 7917 7914
1 4 7725 7726 8384 8381
1 8 7725 7728 8445 8442 8378 8503 8993 8989
1 2 7735 7733
1 2 7733 7735
1 4 7733 7736 7258 7256
1 4 7733 7734 8329 9077
1 3 7737 7739 8937
1 3 7737 8962 8963
1 4 7747 7750 7325 7327
1 5 7747 7752 7746 7708 7703
1 5 7747 7751 8746 8653 8650
1 4 7755 7754 7830 7832
1 10 7770 7769 7776 7765 8511 7376 7371 7390 7372 7379
1 2 7778 9183
1 3 7782 7784 7781
1 3 7781 7784 7782
1 2 7781 8170
1 13 7799 7786 8417 7312 7309 9095 9129 9130 7222 7237 7219 7236 7225
1 2 7799 7786
1 2 7786 7799
1 2 7786 8417
1 2 7805 8507
1 3 7809 8685 8683
1 3 7810 8663 8661
1 4 7814 7815 7821 7815
1 4 7815 7821 7815 7814
1 2 7815 8239
1 3 7815 7821 8487
1 5 7824 7829 7352 7353 7351
1 4 7824 7823 7828 9197
1 4 7832 7830 7754 7755
1 2 7832 8970
1 2 7836 7340
1 2 7836 8707
1 2 7837 8707
1 4 7850 8491 8498 8494
1 2 7856 7021
1 4 7856 7785 7858 8224
1 4 7859 7855 7861 8224
1 2 7867 7253
1 2 7867 7864
1 2 7864 7867
1 2 7864 7108
1 6 7876 7878 7874 3627 6920 6923
1 6 7876 8473 8468 8474 8471 8472
1 4 7876 7875 3626 3628
1 4 7880 5292 5286 5296
1 5 7880 9017 9012 9015 9018
1 3 7884 7889 7465
1 2 7883 8007
1 3 7892 7895 7456
1 4 7898 7894 7897 7954
1 3 7899 8073 8071
1 2 7904 8950
1 4 7914 7918 7613 7605
1 5 7914 7917 7718 7714 7716
1 2 7914 8622
1 3 7919 8509 8507
1 5 7929 7846 7926 9015 9018
1 4 7934 7517 7520 7518
1 2 7934 8860
1 4 7938 7596 7597 8058
1 3 7945 7943 7947
1 3 7947 7943 7945
1 4 7947 7944 7946 8240
1 3 7951 8054 8058
1 3 7956 7955 7954
1 3 7954 7955 7956
1 4 7954 7957 7117 7122
1 4 7954 7897 7894 7898
1 4 7954 7897 8535 8531
1 3 7965 7960 7962
1 35 7965 7960 7963 7964 7972 7975 7067 7068 9149 7999 7998 7223 7218 7221 7222 9130 9129 9095 7309 7312 8417 7786 7799 7792 7788 7789 8491 8498 8913 6911 6906 6913 6906 6911 8915
1 3 7962 7960 7965
1 2 7969 8818
1 3 7980 7974 7622
1 6 7980 7974 7622 7978 7622 7623
1 3 7980 7972 7976
1 3 7976 7972 7980
1 3 7976 7975 9153
1 6 7983 7507 7500 7508 7810 8661
1 4 8000 7232 7229 7218
1 4 8000 7997 7999 9150
1 2 8007 7883
1 5 8007 7887 7886 8628 8627
1 4 8010 8003 8630 8627
1 2 8018 8017
1 2 8018 7243
1 3 8018 7555 7562
1 6 8026 8025 9007 9008 8995 9023
1 6 8038 8679 8672 8676 8673 8671
1 5 8058 7439 7448 7432 7446
1 3 8058 7597 7596
1 4 8058 7597 7596 7938
1 3 8058 8054 7951
1 6 8058 8054 7361 7367 7364 8236
1 5 8061 8060 9057 9053 9056
1 3 8061 7935 9096
1 3 8062 8065 8068
1 3 8068 8065 8062
1 3 8068 8067 8551
1 11 8068 8551 8553 8549 8550 8551 7070 7071 7069 9149 9150
1 3 8071 8073 7899
1 3 8071 8540 8542
1 5 8101 8078 8110 8092 8089
1 5 8089 8092 8110 8078 8101
1 4 8089 8082 8107 7195
1 7 8089 8076 9031 9030 9037 9035 9036
1 4 8113 8116 8120 8922
1 23 8122 7121 7124 7117 7956 7955 7898 7891 7892 7495 7493 7496 7489 7490 7491 8601 8583 8600 8581 8585 8592 8597 8804
1 24 8124 8122 7121 7124 7117 7956 7955 7898 7891 7892 7495 7493 7496 7489 7490 7491 8601 8583 8600 8581 8585 8592 8597 8804
1 4 8131 8132 7475 9133
1 4 8141 8135 8898 8890
1 8 8141 8136 8137 8477 9170 9173 9167 9172
1 5 8146 8952 8957 8954 8956
1 3 8149 8757 8758
1 5 8163 8159 8160 8755 8756
1 2 8170 7781
1 3 8170 8168 8171
1 3 8171 8172 8346
1 3 8171 8168 8170
1 7 8179 8185 8178 6089 6087 6886 6882
1 4 8179 8608 8609 8610
1 4 8200 8217 8213 8209
1 4 8209 8213 8217 8200
1 5 8209 8213 8605 8603 8610
1 4 8219 8393 8219 7260
1 4 8219 8388 8390 8392
1 4 8224 7858 7785 7856
1 4 8224 7861 7860 7859
1 3 8224 8632 8631
1 2 8228 9094
1 3 8226 7464 7465
1 3 8226 8626 8627
1 2 8230 8236
1 5 8232 7304 7299 7305 7301
1 4 8232 8233 8618 8622
1 6 8236 7364 7367 7361 8054 8058
1 2 8236 8230
1 3 8236 8230 9196
1 2 8239 7815
1 4 8240 7946 7944 7947
1 6 8240 7428 7819 7816 7821 8487
1 5 8254 8251 8253 8243 8246
1 5 8246 8243 8253 8251 8254
1 6 8246 8252 7661 7665 7658 8978
1 4 8265 8264 7072 7073
1 7 8265 8264 8255 8334 8339 8333 8336
1 2 8278 7103
1 4 8280 7634 7630 8818
1 7 8306 8296 8311 8314 7675 7012 8989
1 2 8325 8554
1 8 8325 8554 7293 7297 7298 8770 8763 9090
1 3 8327 7318 7324
1 2 8327 9077
1 6 8336 8345 8340 7651 7637 7647
1 7 8336 8333 8339 8334 8255 8264 8265
1 9 8336 8332 7073 7639 7646 7652 7640 8878 8868
1 3 8346 8172 8171
1 4 8346 8349 8655 8571
1 7 8365 8362 8638 8641 9070 8641 8640
1 3 8372 7614 7246
1 9 8372 7611 7188 7192 7187 8614 8621 8612 8622
1 6 8372 8377 7185 7191 8120 8922
1 4 8381 8384 7726 7725
1 3 8381 8987 8983
1 4 8392 8390 8388 8219
1 3 8392 8534 8531
1 5 8396 9122 9128 9121 9126
1 4 8396 8397 3738 3742
1 2 8404 7136
1 5 8404 8567 8557 8568 8561
1 4 8403 8405 8325 8554
1 2 8417 7312
1 2 8417 7786
1 4 8414 8782 8788 8784
1 9 8414 8786 8787 8413 7928 7933 7926 9015 9018
1 4 8420 7779 9184 8666
1 3 8423 8427 8980
1 5 8432 8918 8921 8118 8922
1 5 8446 8439 8992 8991 7680
1 6 8446 8439 8992 8988 8991 8989
1 3 8448 8451 8490
1 5 8458 8457 8541 8536 8542
1 5 8461 8422 8423 8430 8700
1 6 8472 8471 8474 8468 8473 7876
1 4 8472 8972 8969 8970
1 4 8476 8485 9144 9142
1 2 8486 8823
1 3 8487 7821 7815
1 6 8487 7821 7816 7819 7428 8240
1 5 8487 7453 7451 9076 9077
1 3 8490 8451 8448
1 4 8490 8449 8772 8774
1 3 8492 8914 8915
1 4 8494 8498 8491 7850
1 4 8494 8498 8496 8915
1 3 8499 7016 7011
1 3 8499 8506 8500
1 3 8500 8506 8499
1 3 8500 8504 8986
1 2 8507 7805
1 3 8507 8509 7919
1 6 8507 7805 7808 8910 8908 8905
1 2 8510 7469
1 2 8510 9165
1 30 8514 8512 8521 8518 8512 8526 8515 8517 8524 8522 8511 7765 7776 7761 7759 7762 7775 7760 8545 8548 8544 8547 7559 7563 7560 7567 7560 8016 7555 7562
1 2 8529 9094
1 8 8529 8680 8689 8683 8685 8911 8907 8905
1 4 8531 8535 7897 7954
1 3 8531 8534 8392
1 4 8531 8535 8533 8647
1 6 8542 8538 8543 7617 7621 7620
1 3 8542 8540 8071
1 5 8542 8536 8541 8457 8458
1 6 8542 8538 8071 8069 9120 9126
1 3 8546 8548 8545
1 3 8551 8067 8068
1 5 8551 8550 8330 8329 9077
1 3 8554 7293 7297
1 2 8554 8325
1 4 8554 8325 8405 8403
1 7 8554 8555 8402 8401 8564 8562 8561
1 5 8561 8568 8557 8567 8404
1 7 8561 8562 8564 8401 8402 8555 8554
1 8 8561 8565 8560 8566 9093 9091 9092 9090
1 3 8571 8655 8651
1 4 8571 8655 8349 8346
1 5 8576 7839 7835 7837 8707
1 5 8576 8573 9185 9188 9193
1 3 8591 8581 8585
1 5 8610 8603 8605 8213 8209
1 4 8610 8609 8608 8179
1 6 8610 8603 8611 7822 7828 9197
1 4 8622 8620 8614 7187
1 2 8622 7914
1 4 8622 8618 8233 8232
1 9 8622 8612 8621 8614 7187 7192 7188 7611 8372
1 7 8627 8625 7036 8842 8843 7510 7514
1 5 8627 8628 7886 7887 8007
1 4 8627 8630 8003 8010
1 3 8627 8626 8226
1 5 8627 8625 8845 8840 8843
1 3 8631 8632 8224
1 5 8631 8634 8741 8749 8745
1 7 8640 8641 9070 8641 8638 8362 8365
1 6 8640 9071 9066 9058 9067 9065
1 3 8647 8649 7456
1 4 8647 8533 8535 8531
1 5 8647 8649 7456 9114 9112
1 3 8651 8655 8571
1 2 8651 9201
1 5 8650 8653 8746 7751 7747
1 3 8650 8797 8796
1 3 8658 7450 7454
1 2 8658 8656
1 2 8656 8658
1 4 8656 7451 9076 9077
1 3 8661 8663 7810
1 6 8661 7810 7508 7500 7507 7983
1 6 8661 7810 7508 7502 7503 9056
1 4 8666 7053 7059 7063
1 4 8666 9184 7779 8420
1 3 8666 9184 9183
1 4 8671 8675 8670 7182
1 6 8671 8673 8676 8672 8679 8038
1 5 8671 7727 7732 9074 9065
1 4 8683 8685 8912 8907
1 3 8683 8685 7809
1 3 8693 8953 9145
1 4 8696 8699 7552 7548
1 4 8696 8949 8951 8950
1 5 8700 8430 8423 8422 8461
1 3 8700 8702 8950
1 2 8707 7836
1 9 8707 7837 7835 7838 7836 7340 7335 7022 7021
1 2 8707 7837
1 5 8707 7837 7835 7839 8576
1 6 8728 8708 7356 7355 7359 7573
1 2 8738 7478
1 5 8738 8739 8964 8967 8963
1 5 8745 8749 8741 8634 8631
1 6 8745 8746 8653 8650 8797 8796
1 4 8752 8750 7459 8902
1 5 8756 8755 8160 8159 8163
1 7 8756 8754 7968 8820 8821 8819 8818
1 3 8758 8757 8149
1 6 8758 8762 7527 7522 9092 9090
1 4 8774 8772 8449 8490
1 4 8774 8772 9141 9142
1 8 8784 8788 8781 8785 7061 7056 7058 8418
1 4 8784 7625 8784 7627
1 4 8784 8788 8782 8414
1 6 8784 7625 7624 8666 9184 9183
1 5 8789 7263 7261 7265 8848
1 2 8791 7578
1 2 8791 9019
1 3 8796 8794 9050
1 3 8796 8797 8650
1 6 8796 8797 8650 8653 8746 8745
1 23 8804 8597 8592 8585 8581 8600 8588 8601 7491 7490 7489 7496 7493 7495 7892 7891 7898 7955 7956 7117 7124 7121 8122
1 24 8804 8597 8592 8585 8581 8600 8588 8601 7491 7490 7489 7496 7493 7495 7892 7891 7898 7955 7956 7117 7124 7121 8122 8124
1 3 8804 8800 8799
1 3 8799 8802 8805
1 3 8799 8800 8804
1 28 8799 8807 8799 8800 8804 8597 8592 8585 8581 8600 8588 8601 7491 7490 7489 7496 7493 7495 7892 7893 8647 8532 8531 7127 8389 8221 8126 7487
1 31 8799 8807 8799 8800 8804 8597 8592 8585 8581 8600 8588 8601 7491 7490 7489 7496 7493 7495 7892 7893 8647 8532 8531 7127 8389 8221 8126 7487 3694 3693 3694
1 3 8811 8812 7076
1 5 8811 8812 7076 7078 8978
1 3 8818 7630 7632
1 2 8818 7969
1 4 8818 7630 7634 8280
1 7 8818 8819 8821 8820 7968 8754 8756
1 4 8818 7969 9100 9098
1 2 8823 8486
1 2 8823 9019
1 5 8834 8838 9179 9176 9175
1 4 8843 8842 8844 7037
1 3 8843 7510 7514
1 5 8843 8840 8845 8625 8627
1 6 8843 8846 8528 8530 8227 9094
1 3 8848 7265 7261
1 5 8848 7265 7261 7263 8789
1 4 8848 8849 8855 8859
1 4 8859 8855 8849 8848
1 8 8859 8851 8856 7210 7197 7204 9035 9036
1 4 8860 8865 8866 7506
1 4 8860 8861 7574 7573
1 2 8860 7934
1 4 8860 7934 7935 9096
1 9 8868 8878 7640 7652 7646 7639 7073 8332 8336
1 6 8868 8869 8874 8877 7832 8970
1 5 8885 8887 8886 7291 7288
1 5 8885 9117 7457 9115 9112
1 3 8890 8896 7585
1 4 8890 8898 8135 8141
1 5 8890 8893 8891 8961 8963
1 2 8902 7459
1 4 8902 7459 8750 8752
1 4 8902 8900 8975 8974
1 4 8907 8912 8685 8683
1 2 8907 8905
1 2 8905 8907
1 6 8905 8908 7282 7275 7284 7279
1 6 8905 8908 8910 7808 7805 8507
1 8 8905 8907 8911 8685 8683 8689 8680 8529
1 4 8915 6911 6906 6913
1 3 8915 8914 8492
1 35 8915 6911 6906 6913 6906 6911 8915 8498 8491 7789 7788 7792 7799 7786 8417 7312 7309 9095 9129 9130 7222 7221 7218 7223 7998 7999 9149 7068 7067 7975 7972 7964 7963 7960 7965
1 4 8915 8496 8498 8494
1 4 8922 8120 8116 8113
1 5 8922 8118 8921 8918 8432
1 6 8922 8120 7191 7185 8377 8372
1 7 8922 8920 8923 8431 7830 7832 8970
1 3 8928 8936 7034
1 3 8928 7536 7538
1 5 8928 8934 7537 9027 9029
1 3 8937 7410 7407
1 3 8937 7739 7737
1 3 8937 8938 8944
1 3 8944 8938 8937
1 5 8944 8237 8236 8230 9196
1 4 8950 8702 8704 7424
1 2 8950 7904
1 4 8950 8951 8949 8696
1 3 8950 8702 8700
1 6 8950 8951 8949 8703 8982 8980
1 4 8956 8954 7543 7541
1 5 8956 8954 8957 8952 8146
1 3 8956 8953 9145
1 3 8963 8962 7737
1 5 8963 8967 8964 8737 8738
1 5 8963 8961 8891 8893 8890
1 2 8970 7832
1 4 8970 8969 8972 8472
1 6 8970 7832 8877 8874 8869 8868
1 7 8970 7832 7830 8431 8923 8920 8922
1 4 8974 7050 7042 7049
1 2 10336 10334
1 4 8974 8975 7050 7042
1 3 8974 8976 7493
1 4 8974 8975 8900 8902
1 3 8978 7658 7665
1 6 8978 7078 7656 7673 7657 7674
1 6 8978 7658 7665 7661 8252 8246
1 5 8978 7078 7076 8812 8811
1 4 8978 8979 9106 9108
1 3 8980 8427 8423
1 6 8980 8982 8703 8949 8951 8950
1 4 8980 7224 7222 9130
1 10 8986 8985 8983 9178 7252 7254 7255 7253 7863 7867
1 3 8986 8504 8500
1 3 8986 8985 8983
1 2 8983 9178
1 3 8983 8985 8986
1 3 8983 8987 8381
1 5 8989 7012 7010 7006 7009
1 8 8989 8993 8503 8378 8442 8445 7728 7725
1 7 8989 7012 7675 8314 8311 8296 8306
1 6 8989 8991 8988 8992 8439 8446
1 23 8999 7692 7684 8231 7684 7692 7685 7689 9001 9010 9004 9052 9053 7504 8060 7777 7778 9183 9182 7062 7064 7052 7063
1 3 8999 7692 7685
1 4 9018 9016 5033 5034
1 5 9018 9014 7854 7085 7088
1 5 9018 9015 7926 7846 7929
1 5 9018 9015 9012 9017 7880
1 9 9018 9015 7926 7933 7928 8413 8787 8786 8414
1 2 9019 8823
1 2 9019 8791
1 2 9023 7166
1 6 9023 8995 9008 9007 8025 8026
1 8 9023 7691 8995 9002 8998 9004 9054 9056
1 5 9029 9027 7537 8934 8928
1 6 9029 9025 8212 8218 9041 9046
1 5 9036 9035 7204 7207 7199
1 7 9036 9035 9037 9030 9031 8076 8089
1 8 9036 9035 7204 7197 7210 8856 8851 8859
1 6 9046 9041 8218 8212 9025 9029
1 4 9046 9043 9198 9197
1 2 9050 9201
1 3 9050 8794 8796
1 6 9047 9051 8796 8794 9050 9201
1 3 9047 7140 7134
1 5 9056 9053 9057 8060 8061
1 6 9056 7503 7502 7508 7810 8661
1 8 9056 9054 9004 8998 9002 8995 7691 9023
1 6 9065 9067 9058 9066 9071 8640
1 5 9065 9074 7732 7727 8671
1 7 9065 9174 9180 8987 8983 9178 9175
1 4 9077 8329 7734 7733
1 2 9077 8327
1 5 9077 8329 8330 8550 8551
1 4 9077 9076 7451 8656
1 5 9077 9076 7451 7453 8487
1 5 9082 7412 7414 9190 9193
1 4 9090 9092 7522 7530
1 4 9090 9092 9091 7601
1 8 9090 8763 8770 7298 7297 7293 8554 8325
1 8 9090 9092 9091 9093 8566 8560 8565 8561
1 6 9090 9092 7522 7527 8762 8758
1 2 9094 8228
1 2 9094 8529
1 6 9094 8227 8530 8528 8846 8843
1 2 9095 9129
1 8 9096 7935 7934 7517 7520 7518 7516 9129
1 3 9096 7935 8061
1 4 9096 7935 7934 8860
1 5 9098 9101 7512 7514 7509
1 4 9098 9100 7969 8818
1 3 9103 9104 9108
1 2 9108 7081
1 3 9108 9104 9103
1 11 9108 7081 7080 7083 7078 7079 7082 7656 7673 7670 7674
1 4 9108 9106 8979 8978
1 5 9112 9115 9113 9119 8884
1 5 9112 9114 7456 8649 8647
1 5 9112 9115 7457 9117 8885
1 5 9126 9121 9128 9122 8396
1 6 9126 9120 8069 8071 8538 8542
1 6 9126 9173 9170 8481 8484 9172
1 2 9129 9095
1 8 9129 7516 7518 7520 7517 7934 7935 9096
1 6 9129 7516 8145 7486 7483 9130
1 6 9130 7483 7486 8145 7516 9129
1 3 9130 7483 7485
1 4 9130 7222 7224 8980
1 3 9133 9134 7089
1 4 9133 7475 7473 7474
1 4 9133 7475 8132 8131
1 7 9133 9132 7707 7698 7701 9192 9193
1 4 9142 9144 8485 8476
1 4 9142 9141 8772 8774
1 7 9142 9144 8485 8476 8481 8484 9172
1 3 9145 8953 8693
1 3 9145 8953 8956
1 3 9153 7975 7976
1 4 9153 9156 9154 9150
1 4 9150 9154 9156 9153
1 3 9150 9149 7069
1 11 9150 9149 7069 7071 7070 8551 8550 8549 8553 8551 8068
1 4 9150 7999 7997 8000
1 2 9165 8510
1 8 9172 9167 9173 9170 8477 8137 8136 8141
1 7 9172 8484 8481 8476 8485 9144 9142
1 6 9172 8484 8481 9170 9173 9126
1 2 9178 8983
1 2 9178 9175
1 6 9175 7252 7254 7255 7253 7867
1 2 9175 9178
1 3 9175 7252 7254
1 5 9175 9176 9179 8838 8834
1 7 9175 9178 8983 8987 9180 9174 9065
1 2 9183 7778
1 8 9183 9184 8666 7053 7060 7625 8784 7627
1 6 9183 9184 8666 7624 7625 8784
1 3 9183 9184 8666
1 3 9193 9187 7419
1 5 9193 9188 9185 8573 8576
1 5 9193 9190 7414 7412 9082
1 7 9193 9192 7701 7698 7707 9132 9133
1 3 9196 8230 8236
1 5 9196 8230 8236 8237 8944
1 4 9197 7828 7823 7824
1 6 9197 7828 7822 8611 8603 8610
1 4 9197 9198 9043 9046
1 3 9197 9199 9200
1 2 10355 10354
1 3 9200 9199 9197
1 2 9201 9050
1 6 9201 9050 8794 8796 9051 9047
1 2 9201 8651
1 2 9211 9204
1 2 9204 9211
1 3 9204 9373 9369
1 2 9214 9213
1 2 9213 9214
1 5 9213 9214 9830 9832 9583
1 4 9213 9216 9839 9841
1 2 9217 9219
1 2 9219 9217
1 4 9219 9220 9522 9509
1 2 9223 9661
1 2 9223 9221
1 2 9221 9223
1 3 9221 9224 9748
1 4 9237 9387 9399 9397
1 2 9242 9421
1 4 9247 9249 9651 9407
1 4 9254 9252 9921 9925
1 6 9265 9264 9787 9256 9340 9343
1 2 9255 9531
1 3 9269 9270 9272
1 3 9272 9842 9269
1 6 9272 9643 9842 9837 9840 9639
1 3 9278 9358 9573
1 2 9283 9285
1 2 9285 9283
1 5 9285 9408 9417 9414 9407
1 3 9317 9292 9296
1 3 9296 9292 9317
1 6 9296 9300 9295 9303 9344 9348
1 4 9333 9324 9395 9397
1 6 9343 9340 9256 9787 9264 9265
1 2 9343 9531
1 2 9351 9886
1 4 9348 9344 9351 9886
1 6 9348 9344 9303 9295 9300 9296
1 3 9348 9347 9887
1 4 9362 9363 9358 9573
1 3 9372 9367 9369
1 3 9369 9367 9372
1 3 9369 9373 9204
1 6 9369 9373 9432 9445 9439 9442
1 3 9377 9378 9653
1 3 9377 9913 9915
1 2 9381 9461
1 4 9397 9399 9387 9237
1 4 9397 9395 9324 9333
1 5 9397 9399 9396 9920 9925
1 3 9401 9402 9851
1 3 9411 9404 9826
1 4 9407 9651 9249 9247
1 5 9407 9414 9417 9408 9285
1 4 9407 9651 9650 9653
1 2 9421 9242
1 2 9421 9420
1 2 9420 9421
1 5 9420 9422 9588 9587 9585
1 2 9425 9683
1 2 9428 9916
1 4 9427 9431 9428 9851
1 4 9441 9436 9439 9442
1 4 9442 9439 9436 9441
1 5 9442 9434 9447 9466 9468
1 6 9442 9439 9445 9432 9373 9369
1 10 9442 9434 9463 9471 9469 9462 9540 9538 9901 9903
1 4 9448 9454 9859 9863
1 3 9448 9454 9451
1 3 9451 9454 9448
1 9 9451 9453 9805 9775 9777 9809 9795 9815 9800
1 3 9451 9450 9592
1 2 9461 9381
1 4 9461 9381 9928 9927
1 3 9468 9540 9534
1 5 9468 9466 9447 9434 9442
1 2 9472 9473
1 2 9472 9720
1 2 9473 9472
1 3 9473 9474 9493
1 3 9480 9481 9483
1 3 9483 9481 9480
1 2 9483 9817
1 3 9489 9484 9493
1 3 9493 9484 9489
1 3 9493 9474 9473
1 4 9493 9474 9719 9720
1 5 9496 9497 9740 9747 9743
1 4 9527 9511 9514 9762
1 4 9527 9511 9507 9509
1 4 9509 9507 9511 9527
1 7 9509 9507 9511 9527 9511 9514 9762
1 4 9509 9522 9220 9219
1 4 9530 9533 9532 9910
1 2 9531 9255
1 2 9531 9343
1 6 9531 9255 9267 9257 9728 9732
1 5 9531 9339 9337 9532 9910
1 3 9534 9540 9468
1 3 9534 9890 9903
1 3 9536 9537 9874
1 4 9549 9542 9699 9700
1 7 9558 9550 9564 9566 9560 9772 9868
1 3 9559 9556 9622
1 3 9573 9358 9278
1 4 9573 9358 9363 9362
1 5 9573 9278 9279 9823 9826
1 5 9583 9832 9830 9214 9213
1 4 9583 9580 9384 9841
1 2 9587 9585
1 2 9585 9587
1 5 9585 9587 9588 9422 9420
1 7 9585 9424 9244 9247 9251 9248 9915
1 3 9592 9450 9451
1 3 9592 9846 9844
1 6 9592 9450 9451 9859 9865 9861
1 7 9592 9450 9805 9791 9778 9814 9779
1 4 9608 9659 9656 9655
1 6 9600 9620 9605 9614 9689 9691
1 3 9622 9556 9559
1 6 9622 9629 9635 9624 9627 9633
1 6 9633 9627 9624 9635 9629 9622
1 5 9633 9630 9718 9722 9720
1 2 9638 9639
1 2 9639 9638
1 6 9639 9840 9837 9842 9643 9272
1 4 9639 9638 9642 9712
1 3 9647 9645 9876
1 4 9647 9645 9880 9879
1 4 9653 9650 9651 9407
1 3 9653 9915 9377
1 7 9653 9650 9652 9329 9319 9330 9826
1 5 9653 9378 9377 9913 9915
1 2 9658 9655
1 2 9655 9658
1 4 9655 9656 9659 9608
1 2 9655 9831
1 2 9661 9223
1 3 9661 9224 9748
1 5 9665 9667 9662 9664 9666
1 5 9665 9673 9668 9730 9732
1 3 9687 9681 9683
1 3 9683 9681 9687
1 2 9683 9425
1 2 9694 9907
1 2 9691 9907
1 6 9691 9689 9614 9605 9620 9600
1 3 9691 9912 9910
1 5 9700 9699 9701 9819 9822
1 4 9700 9699 9542 9549
1 3 9700 9483 9817
1 5 9700 9483 9481 9480 9916
1 2 9704 9702
1 2 9702 9704
1 2 9702 9833
1 4 9706 9724 9913 9915
1 3 9705 9711 9725
1 3 9712 9640 9836
1 7 9712 9640 9836 9833 9702 9703 9866
1 4 9712 9642 9638 9639
1 2 9720 9472
1 5 9720 9722 9718 9630 9633
1 4 9720 9719 9474 9493
1 2 9726 9914
1 10 9726 9914 9915 9914 9726 9724 9706 9710 9876 9879
1 3 9726 9913 9915
1 3 9725 9711 9705
1 4 9725 9377 9913 9915
1 9 9729 9727 9733 9262 9343 9339 9337 9532 9910
1 6 9732 9728 9257 9267 9255 9531
1 5 9732 9730 9668 9673 9665
1 4 9735 9881 9875 9879
1 5 9743 9747 9740 9497 9496
1 5 9743 9745 9741 9823 9826
1 3 9748 9224 9221
1 3 9748 9749 9854
1 3 9748 9224 9661
1 4 9762 9514 9511 9527
1 7 9762 9514 9511 9527 9511 9507 9509
1 4 9761 9680 9857 9861
1 8 9774 9771 9505 9499 9870 9869 9928 9927
1 9 9800 9815 9795 9809 9777 9775 9805 9453 9451
1 7 9779 9814 9778 9791 9805 9450 9592
1 5 9822 9819 9701 9699 9700
1 2 9817 9483
1 3 9817 9483 9700
1 5 9817 9483 9481 9480 9916
1 2 9823 9826
1 3 9826 9404 9411
1 2 9826 9823
1 5 9826 9823 9279 9278 9573
1 7 9826 9330 9319 9329 9652 9650 9653
1 5 9826 9823 9741 9745 9743
1 6 9831 9214 9830 9581 9384 9841
1 2 9831 9655
1 7 9831 9832 9579 9578 9252 9921 9925
1 3 9836 9640 9712
1 2 9836 9833
1 2 9833 9836
1 4 9833 9702 9703 9866
1 2 9833 9702
1 4 9841 9839 9216 9213
1 4 9841 9384 9581 9583
1 6 9841 9384 9581 9830 9214 9831
1 8 9841 9839 9843 9838 9383 9381 9928 9927
1 3 9844 9846 9592
1 4 9844 9850 9878 9879
1 4 9851 9428 9431 9427
1 3 9851 9852 9401
1 4 9851 9852 9401 9887
1 3 9854 9749 9748
1 4 9854 9852 9401 9887
1 4 9863 9859 9454 9448
1 6 9861 9865 9859 9451 9450 9592
1 4 9861 9857 9680 9761
1 7 9866 9703 9702 9833 9836 9640 9712
1 4 9866 9703 9702 9833
1 7 9868 9772 9560 9566 9564 9550 9558
1 3 9868 9867 9927
1 3 9874 9537 9536
1 6 9874 9537 9535 9538 9901 9903
1 3 9876 9645 9647
1 10 9879 9876 9710 9706 9724 9726 9914 9915 9914 9726
1 4 9879 9878 9850 9844
1 4 9879 9880 9645 9647
1 4 9879 9875 9881 9735
1 2 9886 9351
1 4 9886 9351 9344 9348
1 3 9886 9889 9887
1 3 9887 9889 9886
1 3 9887 9347 9348
1 4 9887 9401 9852 9854
1 4 9887 9401 9402 9851
1 3 9897 9895 9903
1 3 9903 9890 9534
1 3 9903 9895 9897
1 10 9903 9901 9538 9540 9462 9469 9471 9463 9434 9442
1 6 9903 9901 9538 9535 9537 9874
1 2 9907 9694
1 2 9907 9691
1 9 9910 9532 9337 9339 9343 9262 9733 9727 9729
1 4 9910 9532 9533 9530
1 5 9910 9532 9337 9339 9531
1 3 9910 9912 9691
1 2 9914 9726
1 3 9915 9913 9726
1 4 9915 9913 9724 9706
1 3 9915 9913 9377
1 7 9915 9248 9251 9247 9244 9424 9585
1 5 9915 9913 9377 9378 9653
1 4 9915 9913 9377 9725
1 2 9916 9428
1 5 9916 9480 9481 9483 9700
1 5 9916 9480 9481 9483 9817
1 4 9925 9921 9252 9254
1 5 9925 9920 9396 9399 9397
1 7 9925 9921 9252 9578 9579 9832 9831
1 4 9927 9928 9381 9461
1 8 9927 9928 9381 9383 9838 9843 9839 9841
1 8 9927 9928 9869 9870 9499 9505 9771 9774
1 3 9927 9867 9868
1 3 9936 9931 9929
1 3 9929 9931 9936
1 3 9929 9935 9993
1 3 9968 9965 9954
1 3 9954 9965 9968
1 5 9954 9980 9932 9934 9993
1 2 9995 9993
1 2 9993 9995
1 5 9993 9934 9932 9980 9954
1 3 9993 9935 9929
1 3 10101 10102 10106
1 2 10014 10000
1 3 10014 10000 10021
1 3 6602 6599 6598
1 4 10014 10019 9999 10017
1 4 10038 10030 10039 10024
1 3 10038 10032 10037
1 2 10361 10362
1 4 10038 10043 10041 10045
1 4 10045 10041 10043 10038
1 2 10045 10044
1 2 10046 10062
1 2 10051 10050
1 5 10050 10080 10072 10082 10076
1 2 10050 10051
1 3 10059 10053 10057
1 2 10057 10076
1 3 10057 10053 10059
1 4 10057 10076 10082 10087
1 6 10069 10074 10077 10084 10078 10087
1 6 10069 10061 10067 10065 10060 10062
1 6 10062 10060 10065 10067 10061 10069
1 2 10062 10046
1 5 10076 10082 10072 10080 10050
1 2 10076 10057
1 3 10076 10082 10087
1 3 10087 10082 10076
1 6 10087 10078 10084 10077 10074 10069
1 4 10087 10082 10076 10057
1 2 10091 10095
1 6 1434 1420 1423 1436 1415 1435
1 2 10104 10100
1 2 10100 10104
1 3 10100 10117 10118
1 2 10109 10096
1 3 10349 10350 10351
1 4 10109 10120 10121 10113
1 2 10114 10111
1 3 10118 10117 10100
1 3 10121 10119 10110
1 5 10124 10125 10129 10140 10130
1 3 10124 10139 10133
1 4 10127 10124 10139 10133
1 5 10130 10140 10129 10125 10124
1 3 10133 10139 10124
1 7 10133 10139 10124 10145 10142 10146 10143
1 4 10133 10139 10124 10127
1 2 10147 10143
1 2 10143 10147
1 7 10143 10146 10142 10145 10124 10139 10133
1 2 10150 10149
1 2 10149 10157
1 5 10149 10150 10167 10169 10168
1 2 10149 10150
1 2 10153 10152
1 2 10152 10157
1 2 10152 10153
1 2 10155 10158
1 2 10156 10164
1 2 10156 10157
1 2 10157 10152
1 2 10157 10156
1 3 10157 10156 10164
1 2 10157 10149
1 2 10158 10164
1 2 10158 10155
1 5 10158 10155 10154 10161 10162
1 5 10162 10161 10154 10155 10158
1 2 10162 10160
1 2 10160 10162
1 2 10164 10158
1 3 10164 10156 10157
1 2 10164 10156
1 5 10168 10169 10167 10150 10149
1 3 10174 10185 10187
1 2 10176 10187
1 3 10177 10176 10187
1 2 10178 10180
1 5 10178 10182 10177 10189 10187
1 2 10181 10194
1 2 10180 10178
1 3 10180 10181 10194
1 3 10187 10185 10174
1 2 10187 10176
1 5 10187 10189 10177 10182 10178
1 3 10187 10176 10177
1 4 10187 10184 10193 10175
1 3 10194 10181 10180
1 2 10194 10181
1 3 10200 10195 10196
1 4 10203 10207 10211 10209
1 5 10216 10228 10222 10227 10224
1 2 10216 10218
1 2 10218 10220
1 2 10218 10216
1 2 10219 10220
1 3 10220 10223 10224
1 5 10220 10218 10216 10227 10224
1 2 10220 10218
1 2 10220 10219
1 3 10222 10227 10224
1 5 10224 10227 10216 10218 10220
1 3 10224 10227 10222
1 5 10224 10227 10222 10228 10216
1 3 10224 10223 10220
1 2 10229 10231
1 5 10231 10230 10232 10239 10235
1 2 10231 10229
1 5 10235 10239 10232 10230 10231
1 4 10243 10245 10248 10247
1 2 10248 10247
1 4 10247 10248 10245 10243
1 2 10247 10248
1 2 10250 10251
1 2 10251 10250
1 3 10251 10257 10254
1 4 10254 10251 10256 10253
1 3 10254 10257 10251
1 4 10253 10256 10251 10254
1 3 10267 10260 10265
1 3 10265 10260 10267
1 2 10276 10275
1 2 10275 10276
1 2 10280 10287
1 2 10282 10287
1 3 10286 10280 10287
1 3 10110 10109 10121
1 3 10285 10282 10287
1 3 10287 10282 10285
1 2 10287 10282
1 2 10287 10280
1 2 10012 10003
1 3 10287 10280 10286
1 2 10299 10295
1 2 10300 10296
1 2 10306 10307
1 2 10307 10306
1 2 10307 10308
1 4 10017 9999 10019 10014
1 2 10044 10045
1 2 10309 10310
1 2 10310 10309
1 4 6080 3235 3233 6082
1 2 10311 10312
1 2 10312 10311
1 4 10024 10039 10030 10038
1 2 10316 10317
1 2 10318 10319
1 2 10319 10318
1 2 7721 7717
1 2 10332 10333
1 2 10322 10323
1 2 10345 10346
1 2 10324 10326
1 2 10330 10328
1 2 10328 10329
1 2 10328 10330
1 2 10333 10332
1 2 10334 10336
1 4 7049 7042 7050 8974
1 2 10337 10338
1 2 10095 10091
1 2 10338 10337
1 2 10340 10339
1 2 10339 10340
1 4 4297 4293 4301 4296
1 2 10342 10343
1 2 10343 10342
1 2 10346 10345
1 2 7379 7372
1 2 10347 10348
1 2 10348 10347
1 2 10096 10109
1 2 10349 10350
1 3 238 235 239
1 2 10350 10349
1 6 237 236 1421 1432 1427 2874
1 3 10351 10350 10349
1 2 10352 10353
1 3 10196 10195 10200
1 2 10353 10352
1 2 10358 10357
1 5 8884 9119 9113 9115 9112
1 2 10357 10358
1 2 10323 10322
1 10 7379 7372 7390 7371 7376 8511 7765 7776 7769 7770
1 4 6082 3233 3235 6080
1 2 10362 10361
1 3 10037 10032 10038
1 4 6386 6397 6400 6648
1 4 6386 6397 4753 4758
1 7 8637 8643 8646 9070 9062 9063 9073
1 5 7106 7105 7109 7112 7103
1 2 7108 7864
1 10 7867 7863 7253 7255 7254 7252 9178 8983 8985 8986
1 6 7867 7253 7255 7254 7252 9175
1 2 10003 10012
1 4 3057 3058 4468 4463
1 2 1457 1465
1 3 1457 1467 1463
1 2 142 131
1 6 1457 1465 1462 1461 2330 2324
1 2 4321 4310
1 2 7717 7721
1 2 10111 10114
1 2 10320 10318
1 3 10242 10237 10235
1 2 10354 10355
1 4 10113 10121 10120 10109
1 3 3183 3182 3512
1 3 3092 6054 6050
1 2 3092 3100
1 5 9666 9664 9662 9667 9665
1 6 3942 3939 4740 4750 4741 4736
1 2 3942 3940
1 2 10390 10391
1 4 2601 2606 2602 1935
1 2 10391 10390
1 3 6398 6388 6399
1 8 8418 7058 7056 7061 8785 8781 8788 8784
1 4 3384 3387 3562 3550
1 7 9073 9063 9062 9070 8646 8643 8637
1 2 258 2316
1 2 10295 10299
1 5 4050 4045 4049 4047 4044
1 4 275 276 882 877
1 5 6155 6147 6157 6145 6154
1 4 10175 10193 10184 10187
1 4 1594 1591 1979 1980
1 3 1594 1595 1593
1 4 10209 10211 10207 10203
1 2 10296 10300
1 2 10426 10427
1 3 8805 8802 8799
1 2 10427 10426
1 2 8017 8018
1 3 8585 8581 8591
1 3 56 73 49
1 2 10308 10307
1 2 10318 10320
1 5 3810 3806 3808 4742 4736
1 12 2091 2093 2097 2093 2092 2101 2096 904 906 907 908 1446
1 2 1056 2508
1 5 5201 5200 5348 5199 5202
1 2 10329 10328
1 6 6073 6079 6074 6070 6076 6069
1 10 907 906 904 2096 2101 2092 2093 2097 2098 915
1 8 907 906 904 2096 2101 2092 2093 2097
1 2 2589 2586
1 3 10235 10237 10242
1 2 2722 2715
1 3 8545 8548 8546
1 7 7514 7510 8843 8842 7036 8625 8627
1 5 7509 7514 7512 9101 9098
1 2 10326 10324
1 2 4310 4321
1 4 4310 4317 4318 6651
1 5 4310 4317 4306 4316 6650
1 2 2333 2334
1 2 2590 523
1 2 3027 3023
1 2 3748 3753
1 2 5115 14744
1 2 7910 7905
1 2 8829 8830
1 2 9663 9666
1 2 10016 10007
1 2 10042 10043
1 2 10116 10112
1 2 10128 10144
1 2 10173 10175
1 2 10240 10233
1 2 10283 10282
1 2 10288 10291
1 2 10293 10292
1 2 10304 10302
1 2 10344 10343
1 2 10363 14710
1 2 10385 14716
1 2 10392 14714