1 1
1 5
1 24
1 25
1 45
1 49
1 68
1 85
1 108
1 127
1 131
1 141
1 150
1 155
1 162
1 175
1 180
1 188
1 202
1 203
1 206
1 207
1 209
1 212
1 216
1 224
1 234
1 235
1 239
1 240
1 247
1 252
1 257
1 265
1 273
1 277
1 287
1 289
1 296
1 316
1 319
1 323
1 326
1 330
1 337
1 339
1 355
1 357
1 361
1 388
1 400
1 404
1 419
1 426
1 432
1 445
1 448
1 457
1 463
1 468
1 474
1 492
1 497
1 504
1 515
1 517
1 527
1 534
1 552
1 557
1 570
1 571
1 594
1 604
1 620
1 623
1 631
1 636
1 660
1 663
1 666
1 675
1 684
1 691
1 692
1 699
1 704
1 705
1 712
1 719
1 727
1 729
1 741
1 748
1 752
1 757
1 760
1 768
1 779
1 788
1 799
1 802
1 805
1 806
1 827
1 833
1 849
1 864
1 877
1 882
1 884
1 887
1 891
1 896
1 901
1 907
1 912
1 915
1 919
1 920
1 921
1 924
1 931
1 932
1 945
1 948
1 952
1 958
1 963
1 983
1 1002
1 1009
1 1015
1 1019
1 1025
1 1029
1 1042
1 1053
1 1059
1 1071
1 1077
1 1087
1 1097
1 1104
1 1110
1 1134
1 1145
1 1155
1 1158
1 1161
1 1170
1 1175
1 1180
1 1184
1 1186
1 1188
1 1197
1 1200
1 1206
1 1210
1 1215
1 1218
1 1219
1 1228
1 1244
1 1256
1 1266
1 1273
1 1286
1 1287
1 1305
1 1316
1 1328
1 1346
1 1351
1 1354
1 1358
1 1360
1 1372
1 1380
1 1406
1 1428
1 1435
1 1441
1 1442
1 1444
1 1446
1 1449
1 1453
1 1463
1 1465
1 1471
1 1476
1 1479
1 1481
1 1487
1 1490
1 1499
1 1505
1 1509
1 1524
1 1534
1 1539
1 1551
1 1553
1 1558
1 1573
1 1579
1 1584
1 1589
1 1593
1 1595
1 1601
1 1608
1 1617
1 1633
1 1635
1 1638
1 1642
1 1647
1 1655
1 1663
1 1676
1 1689
1 1706
1 1707
1 1709
1 1721
1 1728
1 1734
1 1740
1 1746
1 1752
1 1768
1 1775
1 1781
1 1789
1 1796
1 1807
1 1813
1 1814
1 1823
1 1825
1 1828
1 1844
1 1848
1 1853
1 1855
1 1857
1 1863
1 1868
1 1879
1 1883
1 1887
1 1889
1 1895
1 1898
1 1902
1 1913
1 1924
1 1933
1 1934
1 1935
1 1942
1 1952
1 1954
1 1956
1 1958
1 1966
1 1969
1 1970
1 1974
1 1975
1 1977
1 1980
1 1981
1 1989
1 2004
1 2016
1 2028
1 2047
1 2051
1 2063
1 2064
1 2073
1 2080
1 2090
1 2096
1 2097
1 2104
1 2123
1 2124
1 2144
1 2150
1 2154
1 2157
1 2169
1 2172
1 2186
1 2195
1 2196
1 2205
1 2214
1 2218
1 2220
1 2231
1 2236
1 2240
1 2244
1 2255
1 2262
1 2275
1 2279
1 2287
1 2288
1 2294
1 2302
1 2308
1 2313
1 2316
1 2317
1 2318
1 2320
1 2324
1 2333
1 2342
1 2348
1 2357
1 2366
1 2372
1 2384
1 2393
1 2399
1 2403
1 2405
1 2417
1 2431
1 2439
1 2441
1 2449
1 2461
1 2466
1 2468
1 2475
1 2495
1 2500
1 2504
1 2508
1 2509
1 2513
1 2523
1 2526
1 2532
1 2542
1 2544
1 2555
1 2561
1 2572
1 2586
1 2590
1 2592
1 2595
1 2610
1 2612
1 2615
1 2626
1 2633
1 2640
1 2653
1 2660
1 2670
1 2673
1 2682
1 2683
1 2689
1 2696
1 2701
1 2711
1 2715
1 2725
1 2730
1 2747
1 2751
1 2757
1 2762
1 2773
1 2777
1 2781
1 2794
1 2799
1 2800
1 2801
1 2804
1 2806
1 2809
1 2821
1 2839
1 2842
1 2844
1 2853
1 2866
1 2874
1 2885
1 2891
1 2896
1 2904
1 2905
1 2907
1 2910
1 2914
1 2920
1 2927
1 2937
1 2940
1 2949
1 2955
1 2963
1 2977
1 2984
1 2985
1 2991
1 2992
1 2999
1 3003
1 3009
1 3017
1 3024
1 3027
1 3032
1 3033
1 3039
1 3053
1 3055
1 3058
1 3064
1 3070
1 3080
1 3092
1 3100
1 3110
1 3126
1 3139
1 3144
1 3151
1 3152
1 3158
1 3161
1 3175
1 3182
1 3183
1 3188
1 3192
1 3201
1 3206
1 3210
1 3225
1 3228
1 3243
1 3253
1 3258
1 3274
1 3284
1 3302
1 3311
1 3312
1 3331
1 3336
1 3338
1 3346
1 3360
1 3375
1 3380
1 3392
1 3402
1 3416
1 3420
1 3439
1 3443
1 3453
1 3454
1 3459
1 3468
1 3471
1 3483
1 3487
1 3490
1 3512
1 3519
1 3546
1 3550
1 3578
1 3583
1 3584
1 3587
1 3599
1 3615
1 3622
1 3628
1 3629
1 3641
1 3643
1 3651
1 3664
1 3678
1 3688
1 3693
1 3694
1 3697
1 3707
1 3714
1 3717
1 3742
1 3747
1 3748
1 3765
1 3779
1 3785
1 3794
1 3807
1 3812
1 3821
1 3826
1 3847
1 3858
1 3860
1 3864
1 3870
1 3872
1 3875
1 3892
1 3905
1 3913
1 3915
1 3931
1 3940
1 3942
1 3947
1 3951
1 3960
1 3963
1 3980
1 3991
1 4010
1 4019
1 4024
1 4036
1 4044
1 4072
1 4086
1 4096
1 4103
1 4118
1 4129
1 4137
1 4149
1 4167
1 4178
1 4184
1 4197
1 4212
1 4219
1 4224
1 4229
1 4241
1 4244
1 4253
1 4256
1 4260
1 4277
1 4281
1 4285
1 4295
1 4296
1 4307
1 4310
1 4322
1 4344
1 4351
1 4359
1 4375
1 4376
1 4383
1 4412
1 4419
1 4430
1 4445
1 4451
1 4455
1 4463
1 4467
1 4482
1 4484
1 4492
1 4496
1 4516
1 4521
1 4529
1 4537
1 4543
1 4550
1 4560
1 4572
1 4575
1 4576
1 4580
1 4581
1 4599
1 4605
1 4610
1 4618
1 4620
1 4624
1 4634
1 4642
1 4651
1 4653
1 4663
1 4680
1 4687
1 4691
1 4705
1 4709
1 4712
1 4730
1 4736
1 4752
1 4758
1 4764
1 4765
1 4777
1 4782
1 4789
1 4800
1 4805
1 4812
1 4815
1 4825
1 4836
1 4839
1 4849
1 4862
1 4870
1 4877
1 4882
1 4892
1 4914
1 4920
1 4926
1 4934
1 4936
1 4939
1 4947
1 4958
1 4965
1 4966
1 4979
1 4983
1 4984
1 4995
1 5003
1 5014
1 5017
1 5020
1 5027
1 5029
1 5032
1 5034
1 5042
1 5044
1 5052
1 5056
1 5061
1 5070
1 5079
1 5080
1 5088
1 5089
1 5107
1 5111
1 5115
1 5118
1 5138
1 5143
1 5144
1 5147
1 5160
1 5171
1 5179
1 5186
1 5197
1 5201
1 5202
1 5203
1 5204
1 5209
1 5214
1 5223
1 5225
1 5230
1 5232
1 5244
1 5246
1 5264
1 5270
1 5271
1 5273
1 5283
1 5296
1 5302
1 5306
1 5319
1 5329
1 5335
1 5342
1 5352
1 5359
1 5366
1 5370
1 5382
1 5387
1 5391
1 5398
1 5403
1 5412
1 5417
1 5430
1 5437
1 5441
1 5449
1 5450
1 5456
1 5463
1 5476
1 5478
1 5489
1 5491
1 5507
1 5512
1 5523
1 5533
1 5536
1 5539
1 5551
1 5555
1 5568
1 5573
1 5574
1 5585
1 5591
1 5593
1 5595
1 5596
1 5605
1 5608
1 5615
1 5623
1 5634
1 5645
1 5655
1 5657
1 5668
1 5675
1 5689
1 5693
1 5703
1 5713
1 5720
1 5726
1 5729
1 5733
1 5734
1 5739
1 5748
1 5759
1 5770
1 5774
1 5785
1 5791
1 5800
1 5802
1 5809
1 5815
1 5818
1 5819
1 5821
1 5822
1 5831
1 5841
1 5862
1 5869
1 5880
1 5890
1 5899
1 5906
1 5912
1 5918
1 5930
1 5936
1 5939
1 5945
1 5963
1 5977
1 5983
1 5985
1 6005
1 6009
1 6020
1 6031
1 6045
1 6050
1 6063
1 6069
1 6078
1 6080
1 6083
1 6086
1 6097
1 6119
1 6123
1 6143
1 6154
1 6158
1 6162
1 6167
1 6172
1 6176
1 6177
1 6217
1 6220
1 6221
1 6225
1 6230
1 6232
1 6242
1 6253
1 6263
1 6278
1 6280
1 6288
1 6291
1 6297
1 6308
1 6310
1 6312
1 6328
1 6349
1 6351
1 6353
1 6358
1 6362
1 6368
1 6373
1 6377
1 6391
1 6399
1 6405
1 6408
1 6418
1 6423
1 6435
1 6447
1 6457
1 6471
1 6479
1 6481
1 6485
1 6495
1 6498
1 6506
1 6516
1 6519
1 6534
1 6539
1 6552
1 6566
1 6567
1 6575
1 6585
1 6592
1 6593
1 6596
1 6598
1 6601
1 6606
1 6612
1 6621
1 6630
1 6637
1 6641
1 6645
1 6648
1 6650
1 6651
1 6654
1 6662
1 6674
1 6678
1 6695
1 6703
1 6706
1 6715
1 6727
1 6737
1 6750
1 6752
1 6753
1 6754
1 6755
1 6763
1 6767
1 6771
1 6773
1 6786
1 6787
1 6790
1 6805
1 6813
1 6815
1 6827
1 6830
1 6845
1 6847
1 6849
1 6853
1 6854
1 6857
1 6875
1 6877
1 6882
1 6888
1 6892
1 6903
1 6913
1 6923
1 6926
1 6932
1 6937
1 6944
1 6947
1 6952
1 6969
1 6978
1 6985
1 6991
1 6996
1 6999
1 7000
1 7004
1 7009
1 7011
1 7021
1 7034
1 7037
1 7042
1 7063
1 7069
1 7073
1 7076
1 7081
1 7088
1 7089
1 7103
1 7122
1 7124
1 7134
1 7136
1 7145
1 7157
1 7160
1 7162
1 7166
1 7182
1 7187
1 7195
1 7199
1 7218
1 7225
1 7243
1 7246
1 7253
1 7254
1 7256
1 7258
1 7260
1 7261
1 7279
1 7283
1 7288
1 7297
1 7301
1 7312
1 7316
1 7324
1 7327
1 7340
1 7351
1 7357
1 7365
1 7372
1 7407
1 7419
1 7424
1 7446
1 7452
1 7454
1 7456
1 7459
1 7463
1 7465
1 7469
1 7474
1 7478
1 7485
1 7487
1 7489
1 7493
1 7506
1 7514
1 7518
1 7530
1 7534
1 7538
1 7541
1 7548
1 7562
1 7573
1 7578
1 7585
1 7596
1 7601
1 7605
1 7620
1 7622
1 7623
1 7627
1 7632
1 7635
1 7647
1 7665
1 7674
1 7680
1 7685
1 7703
1 7716
1 7725
1 7733
1 7735
1 7737
1 7747
1 7755
1 7770
1 7778
1 7781
1 7782
1 7786
1 7799
1 7805
1 7809
1 7810
1 7814
1 7815
1 7824
1 7832
1 7836
1 7837
1 7850
1 7856
1 7859
1 7864
1 7867
1 7876
1 7880
1 7883
1 7884
1 7892
1 7898
1 7899
1 7904
1 7910
1 7914
1 7919
1 7929
1 7934
1 7938
1 7945
1 7947
1 7951
1 7954
1 7956
1 7962
1 7965
1 7969
1 7976
1 7980
1 7983
1 8000
1 8007
1 8010
1 8018
1 8026
1 8038
1 8058
1 8061
1 8062
1 8068
1 8071
1 8089
1 8101
1 8113
1 8122
1 8124
1 8131
1 8141
1 8146
1 8149
1 8163
1 8170
1 8171
1 8179
1 8200
1 8209
1 8219
1 8224
1 8226
1 8228
1 8230
1 8232
1 8236
1 8239
1 8240
1 8246
1 8254
1 8265
1 8278
1 8280
1 8306
1 8325
1 8327
1 8336
1 8346
1 8365
1 8372
1 8381
1 8392
1 8396
1 8403
1 8404
1 8414
1 8417
1 8420
1 8423
1 8432
1 8446
1 8448
1 8458
1 8461
1 8472
1 8476
1 8486
1 8487
1 8490
1 8492
1 8494
1 8499
1 8500
1 8507
1 8510
1 8514
1 8529
1 8531
1 8542
1 8546
1 8551
1 8554
1 8561
1 8571
1 8576
1 8585
1 8591
1 8610
1 8622
1 8627
1 8631
1 8640
1 8647
1 8650
1 8651
1 8656
1 8658
1 8661
1 8666
1 8671
1 8683
1 8693
1 8696
1 8700
1 8707
1 8728
1 8738
1 8745
1 8752
1 8756
1 8758
1 8774
1 8784
1 8789
1 8791
1 8796
1 8799
1 8804
1 8811
1 8818
1 8823
1 8829
1 8834
1 8843
1 8848
1 8859
1 8860
1 8868
1 8885
1 8890
1 8902
1 8905
1 8907
1 8915
1 8922
1 8928
1 8937
1 8944
1 8950
1 8956
1 8963
1 8970
1 8974
1 8978
1 8980
1 8983
1 8986
1 8989
1 8999
1 9018
1 9019
1 9023
1 9029
1 9036
1 9046
1 9047
1 9050
1 9056
1 9065
1 9077
1 9082
1 9090
1 9094
1 9095
1 9096
1 9098
1 9103
1 9108
1 9112
1 9126
1 9129
1 9130
1 9133
1 9142
1 9145
1 9150
1 9153
1 9165
1 9172
1 9175
1 9178
1 9183
1 9193
1 9196
1 9197
1 9200
1 9201
1 9204
1 9211
1 9213
1 9214
1 9217
1 9219
1 9221
1 9223
1 9237
1 9242
1 9247
1 9254
1 9255
1 9265
1 9269
1 9272
1 9278
1 9283
1 9285
1 9296
1 9317
1 9333
1 9343
1 9348
1 9351
1 9362
1 9369
1 9372
1 9377
1 9381
1 9397
1 9401
1 9407
1 9411
1 9420
1 9421
1 9425
1 9427
1 9428
1 9441
1 9442
1 9448
1 9451
1 9461
1 9468
1 9472
1 9473
1 9480
1 9483
1 9489
1 9493
1 9496
1 9509
1 9527
1 9530
1 9531
1 9534
1 9536
1 9549
1 9558
1 9559
1 9573
1 9583
1 9585
1 9587
1 9592
1 9600
1 9608
1 9622
1 9633
1 9638
1 9639
1 9647
1 9653
1 9655
1 9658
1 9661
1 9663
1 9665
1 9683
1 9687
1 9691
1 9694
1 9700
1 9702
1 9704
1 9705
1 9706
1 9712
1 9720
1 9725
1 9726
1 9729
1 9732
1 9735
1 9743
1 9748
1 9761
1 9762
1 9774
1 9779
1 9800
1 9817
1 9822
1 9823
1 9826
1 9831
1 9833
1 9836
1 9841
1 9844
1 9851
1 9854
1 9861
1 9863
1 9866
1 9868
1 9874
1 9876
1 9879
1 9886
1 9887
1 9897
1 9903
1 9907
1 9910
1 9914
1 9915
1 9916
1 9925
1 9927
1 9929
1 9936
1 9954
1 9968
1 9993
1 9995
1 10014
1 10016
1 10024
1 10038
1 10042
1 10045
1 10046
1 10050
1 10051
1 10057
1 10059
1 10062
1 10069
1 10076
1 10087
1 10091
1 10096
1 10100
1 10104
1 10109
1 10114
1 10116
1 10118
1 10119
1 10121
1 10124
1 10127
1 10128
1 10130
1 10133
1 10143
1 10147
1 10149
1 10150
1 10152
1 10153
1 10155
1 10156
1 10157
1 10158
1 10160
1 10162
1 10164
1 10168
1 10173
1 10174
1 10176
1 10177
1 10178
1 10180
1 10181
1 10187
1 10194
1 10200
1 10203
1 10216
1 10218
1 10219
1 10220
1 10222
1 10224
1 10229
1 10231
1 10235
1 10240
1 10243
1 10247
1 10248
1 10250
1 10251
1 10253
1 10254
1 10265
1 10267
1 10275
1 10276
1 10280
1 10282
1 10283
1 10285
1 10286
1 10287
1 10288
1 10293
1 10299
1 10300
1 10304
1 10306
1 10307
1 10309
1 10310
1 10311
1 10312
1 10316
1 10318
1 10319
1 10320
1 10322
1 10324
1 10328
1 10330
1 10333
1 10334
1 10337
1 10338
1 10339
1 10340
1 10342
1 10343
1 10344
1 10345
1 10346
1 10347
1 10348
1 10349
1 10350
1 10351
1 10352
1 10353
1 10355
1 10357
1 10359
1 10360
1 10361
1 10362
1 10363
1 10364
1 10365
1 10366
1 10367
1 10368
1 10369
1 10370
1 10371
1 10372
1 10373
1 10374
1 10375
1 10376
1 10377
1 10378
1 10379
1 10380
1 10381
1 10382
1 10383
1 10384
1 10385
1 10386
1 10387
1 10388
1 10389
1 10390
1 10391
1 10392
1 10394
1 10397
1 10398
1 10399
1 10400
1 10401
1 10402
1 10404
1 10405
1 10406
1 10407
1 10408
1 10409
1 10410
1 10411
1 10412
1 10413
1 10414
1 10415
1 10416
1 10417
1 10418
1 10419
1 10420
1 10421
1 10422
1 10423
1 10424
1 10425
1 10426
1 10427
1 10428
1 10429
1 10430
1 10431
1 10432
1 10433
1 10434
1 10435
1 10436
1 10437
1 10438
1 10439
1 10440
1 10441
1 10442
1 10443
1 10444
1 10445
1 10446
1 10447
1 10448
1 10449
1 10451
1 10452
1 10453
1 10454
1 10455
1 10456
1 10457
1 10458
1 10460
1 10461
1 10462
1 10464
